   4.9400593e+00   3.0819240e+00   1.4644697e+00   2.7530531e-01   0.0000000e+00
   4.7738176e+00   3.2812362e+00   1.3564281e+00   2.0885310e-01   0.0000000e+00
   4.6201370e+00   3.1387625e+00   1.5276568e+00   2.7594034e-01   0.0000000e+00
   5.0774442e+00   3.6684541e+00   1.4986909e+00   2.3158353e-01   0.0000000e+00
   5.4156240e+00   3.9942807e+00   1.7762706e+00   4.0472913e-01   0.0000000e+00
   4.6451451e+00   3.4706607e+00   1.4318731e+00   3.1580663e-01   0.0000000e+00
   5.0113750e+00   3.4491627e+00   1.5274824e+00   2.7401837e-01   0.0000000e+00
   4.4814082e+00   2.9916573e+00   1.4125519e+00   2.2260937e-01   0.0000000e+00
   4.9176780e+00   3.1954035e+00   1.5758385e+00   1.6081406e-01   0.0000000e+00
   5.4582963e+00   3.7263543e+00   1.5765389e+00   2.4882518e-01   0.0000000e+00
   4.8244597e+00   3.4621810e+00   1.6430542e+00   2.4454937e-01   0.0000000e+00
   4.8461280e+00   3.0482423e+00   1.4755897e+00   1.4781055e-01   0.0000000e+00
   4.3265579e+00   3.0098618e+00   1.1749194e+00   1.2509037e-01   0.0000000e+00
   5.8682189e+00   4.0119708e+00   1.2567601e+00   2.9031447e-01   0.0000000e+00
   5.7420976e+00   4.4580730e+00   1.5107326e+00   4.8582304e-01   0.0000000e+00
   5.4832527e+00   3.9533324e+00   1.3209401e+00   4.4588467e-01   0.0000000e+00
   5.1810909e+00   3.5847085e+00   1.4718295e+00   3.2790175e-01   0.0000000e+00
   5.7146538e+00   3.8543564e+00   1.7998278e+00   3.6497322e-01   0.0000000e+00
   5.1421791e+00   3.8709280e+00   1.5676795e+00   3.1879384e-01   0.0000000e+00
   5.4779664e+00   3.4583399e+00   1.7954862e+00   2.7925637e-01   0.0000000e+00
   5.1612603e+00   3.7524960e+00   1.5773352e+00   4.4809892e-01   0.0000000e+00
   4.6495985e+00   3.6959479e+00   1.0238316e+00   2.7169144e-01   0.0000000e+00
   5.1535719e+00   3.3008335e+00   1.7821504e+00   5.7595996e-01   0.0000000e+00
   4.8142352e+00   3.4620354e+00   1.9969141e+00   2.9792002e-01   0.0000000e+00
   5.0066373e+00   3.0245998e+00   1.6849479e+00   2.1183207e-01   0.0000000e+00
   5.0329680e+00   3.4930898e+00   1.6629449e+00   4.8412659e-01   0.0000000e+00
   5.2777809e+00   3.5954967e+00   1.5206862e+00   2.8886228e-01   0.0000000e+00
   5.2672442e+00   3.4978359e+00   1.4721063e+00   2.4005617e-01   0.0000000e+00
   4.7165520e+00   3.2434848e+00   1.6540981e+00   2.1389081e-01   0.0000000e+00
   4.8091428e+00   3.1185676e+00   1.6392436e+00   2.6237446e-01   0.0000000e+00
   5.4857799e+00   3.4897792e+00   1.5593606e+00   4.8092519e-01   0.0000000e+00
   5.2612812e+00   4.1047388e+00   1.5701631e+00   1.7986071e-01   0.0000000e+00
   5.5798048e+00   4.2166009e+00   1.4409139e+00   2.2469027e-01   0.0000000e+00
   4.9216602e+00   3.1111247e+00   1.5861930e+00   1.4427887e-01   0.0000000e+00
   5.0538592e+00   3.2026691e+00   1.2448985e+00   2.2588383e-01   0.0000000e+00
   5.5584716e+00   3.5510408e+00   1.3614918e+00   2.6593890e-01   0.0000000e+00
   4.9465036e+00   3.1762573e+00   1.5572413e+00   1.9802051e-01   0.0000000e+00
   4.4245490e+00   3.0514512e+00   1.3373238e+00   2.2648398e-01   0.0000000e+00
   5.1574214e+00   3.4231124e+00   1.5288726e+00   2.9155335e-01   0.0000000e+00
   5.0077006e+00   3.5585824e+00   1.3842511e+00   3.0816019e-01   0.0000000e+00
   4.5224878e+00   2.3244504e+00   1.3121212e+00   3.1294706e-01   0.0000000e+00
   4.4784896e+00   3.2489006e+00   1.3327339e+00   2.5339295e-01   0.0000000e+00
   5.0944268e+00   3.5621951e+00   1.6613321e+00   6.7518508e-01   0.0000000e+00
   5.1931252e+00   3.8242269e+00   1.9765757e+00   4.9668953e-01   0.0000000e+00
   4.8349743e+00   3.0568048e+00   1.4423184e+00   3.6869881e-01   0.0000000e+00
   5.1889721e+00   3.8760472e+00   1.6602356e+00   2.1193737e-01   0.0000000e+00
   4.6811691e+00   3.2279905e+00   1.4693496e+00   2.4611012e-01   0.0000000e+00
   5.3654886e+00   3.7153595e+00   1.5083478e+00   2.3250016e-01   0.0000000e+00
   5.0122011e+00   3.3158748e+00   1.4989376e+00   2.0170725e-01   0.0000000e+00
   7.0702042e+00   3.2568599e+00   4.7918252e+00   1.4704444e+00   1.0000000e+00
   6.4737797e+00   3.2295192e+00   4.5801284e+00   1.5949115e+00   1.0000000e+00
   6.9029101e+00   3.1513333e+00   4.9446523e+00   1.5902054e+00   1.0000000e+00
   5.5596160e+00   2.3432164e+00   4.0491001e+00   1.3280813e+00   1.0000000e+00
   6.5500998e+00   2.8629180e+00   4.6133837e+00   1.5077236e+00   1.0000000e+00
   5.7396430e+00   2.8052828e+00   4.5307328e+00   1.3234637e+00   1.0000000e+00
   6.3992772e+00   3.3512431e+00   4.7598275e+00   1.6360461e+00   1.0000000e+00
   4.9283717e+00   2.4325255e+00   3.3093526e+00   1.0831529e+00   1.0000000e+00
   6.6055467e+00   2.9007846e+00   4.6023079e+00   1.3147340e+00   1.0000000e+00
   5.2152000e+00   2.7252409e+00   3.9433124e+00   1.4893971e+00   1.0000000e+00
   5.0467768e+00   2.0020454e+00   3.5510767e+00   1.0220861e+00   1.0000000e+00
   5.9741190e+00   3.0042396e+00   4.2959689e+00   1.5520799e+00   1.0000000e+00
   6.0649203e+00   2.2880185e+00   4.0479976e+00   1.0887076e+00   1.0000000e+00
   6.1726794e+00   2.9259247e+00   4.7617325e+00   1.4663328e+00   1.0000000e+00
   5.6516173e+00   2.9548243e+00   3.6451100e+00   1.3133255e+00   1.0000000e+00
   6.7767935e+00   3.1591117e+00   4.4530850e+00   1.4024910e+00   1.0000000e+00
   5.6956664e+00   3.0588435e+00   4.5890595e+00   1.5752051e+00   1.0000000e+00
   5.8284416e+00   2.7398879e+00   4.1348220e+00   1.0058557e+00   1.0000000e+00
   6.2411357e+00   2.2737921e+00   4.5589807e+00   1.5084995e+00   1.0000000e+00
   5.6720155e+00   2.5604946e+00   3.9956406e+00   1.1968283e+00   1.0000000e+00
   5.9181775e+00   3.2045230e+00   4.8190289e+00   1.8527465e+00   1.0000000e+00
   6.1460971e+00   2.8128232e+00   4.0304635e+00   1.3000095e+00   1.0000000e+00
   6.3699328e+00   2.5476395e+00   4.9199845e+00   1.5882043e+00   1.0000000e+00
   6.1054686e+00   2.8346750e+00   4.7878583e+00   1.2714598e+00   1.0000000e+00
   6.4912877e+00   2.9333136e+00   4.3724200e+00   1.3167463e+00   1.0000000e+00
   6.6501879e+00   3.0155800e+00   4.4774640e+00   1.4975133e+00   1.0000000e+00
   6.8689603e+00   2.8955501e+00   4.8901952e+00   1.4129098e+00   1.0000000e+00
   6.7079651e+00   3.0727400e+00   5.0016920e+00   1.7219667e+00   1.0000000e+00
   6.0445045e+00   2.9424033e+00   4.5374986e+00   1.5715136e+00   1.0000000e+00
   5.7362730e+00   2.6637372e+00   3.5241584e+00   1.0102091e+00   1.0000000e+00
   5.5670107e+00   2.4244231e+00   3.8540178e+00   1.1593440e+00   1.0000000e+00
   5.5085280e+00   2.4833235e+00   3.7679702e+00   1.0773659e+00   1.0000000e+00
   5.8723741e+00   2.7002929e+00   3.9676624e+00   1.2485955e+00   1.0000000e+00
   6.0548241e+00   2.7431544e+00   5.1381230e+00   1.6827298e+00   1.0000000e+00
   5.4349585e+00   3.0096323e+00   4.5187790e+00   1.5992032e+00   1.0000000e+00
   6.0013442e+00   3.4257753e+00   4.5698176e+00   1.6413810e+00   1.0000000e+00
   6.7977225e+00   3.1113063e+00   4.7465921e+00   1.5517088e+00   1.0000000e+00
   6.3328590e+00   2.3169067e+00   4.4052982e+00   1.3424061e+00   1.0000000e+00
   5.6520445e+00   3.0778244e+00   4.1948080e+00   1.3471648e+00   1.0000000e+00
   5.5429980e+00   2.5553458e+00   4.0599264e+00   1.3552137e+00   1.0000000e+00
   5.5724534e+00   2.6012641e+00   4.4266212e+00   1.2926645e+00   1.0000000e+00
   6.1793583e+00   3.0596351e+00   4.6815209e+00   1.4835253e+00   1.0000000e+00
   5.8764628e+00   2.6798051e+00   4.0744851e+00   1.2864767e+00   1.0000000e+00
   5.0243674e+00   2.3207136e+00   3.3823362e+00   1.0478180e+00   1.0000000e+00
   5.6251480e+00   2.7560392e+00   4.2404153e+00   1.3391932e+00   1.0000000e+00
   5.7431951e+00   3.0968838e+00   4.2641813e+00   1.2873475e+00   1.0000000e+00
   5.7674293e+00   2.9247291e+00   4.2284719e+00   1.3819564e+00   1.0000000e+00
   6.2679348e+00   2.9460072e+00   4.3943772e+00   1.3775166e+00   1.0000000e+00
   5.1187597e+00   2.5699889e+00   3.0586676e+00   1.1790334e+00   1.0000000e+00
   5.7311962e+00   2.8936035e+00   4.1665081e+00   1.3683223e+00   1.0000000e+00
   6.3644543e+00   3.3089424e+00   6.0915733e+00   2.5771235e+00   2.0000000e+00
   5.8648435e+00   2.7386875e+00   5.1948135e+00   1.9422928e+00   2.0000000e+00
   7.1474052e+00   3.0886295e+00   5.9713065e+00   2.1071683e+00   2.0000000e+00
   6.3204357e+00   2.9185437e+00   5.6423445e+00   1.8970702e+00   2.0000000e+00
   6.5800335e+00   3.0977692e+00   5.8739755e+00   2.2460323e+00   2.0000000e+00
   7.6814694e+00   3.0660154e+00   6.6489904e+00   2.1577810e+00   2.0000000e+00
   4.9162941e+00   2.5107312e+00   4.5407182e+00   1.7372157e+00   2.0000000e+00
   7.3648843e+00   2.9309605e+00   6.3592575e+00   1.8522461e+00   2.0000000e+00
   6.7591750e+00   2.5187070e+00   5.8774727e+00   1.8974497e+00   2.0000000e+00
   7.2097041e+00   3.6379432e+00   6.1926853e+00   2.5330226e+00   2.0000000e+00
   6.5462131e+00   3.2661319e+00   5.1322237e+00   2.0599316e+00   2.0000000e+00
   6.4079380e+00   2.7800405e+00   5.3838356e+00   1.9418080e+00   2.0000000e+00
   6.8588441e+00   3.0599770e+00   5.5847755e+00   2.1206394e+00   2.0000000e+00
   5.7242380e+00   2.5272322e+00   5.0687842e+00   2.0602898e+00   2.0000000e+00
   5.8190088e+00   2.8667918e+00   5.1847108e+00   2.4592193e+00   2.0000000e+00
   6.4996298e+00   3.2525588e+00   5.3536864e+00   2.3321161e+00   2.0000000e+00
   6.5281543e+00   3.0100596e+00   5.5171382e+00   1.8902910e+00   2.0000000e+00
   7.7772580e+00   3.8687924e+00   6.7003310e+00   2.2510418e+00   2.0000000e+00
   7.7884463e+00   2.6172729e+00   6.9347277e+00   2.3403692e+00   2.0000000e+00
   6.0826290e+00   2.2777502e+00   5.0130118e+00   1.5286846e+00   2.0000000e+00
   6.9338369e+00   3.2000016e+00   5.7006110e+00   2.3486519e+00   2.0000000e+00
   5.6655144e+00   2.8548709e+00   4.9154510e+00   2.0786540e+00   2.0000000e+00
   7.7150636e+00   2.8910809e+00   6.7680334e+00   2.0274015e+00   2.0000000e+00
   6.3479656e+00   2.7361103e+00   4.9392178e+00   1.8883340e+00   2.0000000e+00
   6.7958690e+00   3.3222764e+00   5.7216688e+00   2.1349981e+00   2.0000000e+00
   7.2004658e+00   3.2761173e+00   6.0751238e+00   1.8156282e+00   2.0000000e+00
   6.2933944e+00   2.8924806e+00   4.8678084e+00   1.8890369e+00   2.0000000e+00
   6.1699019e+00   3.0333240e+00   4.9592050e+00   1.8679044e+00   2.0000000e+00
   6.4982575e+00   2.8920500e+00   5.6439034e+00   2.1379478e+00   2.0000000e+00
   7.2263808e+00   3.0021250e+00   5.8294660e+00   1.6824957e+00   2.0000000e+00
   7.4353972e+00   2.8024043e+00   6.1022063e+00   1.9818894e+00   2.0000000e+00
   7.9528335e+00   3.8910375e+00   6.4402054e+00   2.0749438e+00   2.0000000e+00
   6.4795806e+00   2.8164015e+00   5.6561366e+00   2.2589604e+00   2.0000000e+00
   6.3434387e+00   2.8831155e+00   5.1719669e+00   1.5589120e+00   2.0000000e+00
   6.1938172e+00   2.6800039e+00   5.6596668e+00   1.4360165e+00   2.0000000e+00
   7.7829518e+00   3.0143588e+00   6.1940900e+00   2.3013068e+00   2.0000000e+00
   6.3857928e+00   3.4555813e+00   5.6326364e+00   2.4042476e+00   2.0000000e+00
   6.4916516e+00   3.1744430e+00   5.5152685e+00   1.8161674e+00   2.0000000e+00
   6.0621873e+00   3.0340987e+00   4.8211268e+00   1.8432514e+00   2.0000000e+00
   6.9462665e+00   3.1728895e+00   5.4123429e+00   2.1352070e+00   2.0000000e+00
   6.7812699e+00   3.1332403e+00   5.6607708e+00   2.4988512e+00   2.0000000e+00
   6.9112125e+00   3.1404237e+00   5.1796523e+00   2.3136878e+00   2.0000000e+00
   5.8831389e+00   2.7396583e+00   5.1357765e+00   1.9347013e+00   2.0000000e+00
   6.8283671e+00   3.2944040e+00   5.9498213e+00   2.3024203e+00   2.0000000e+00
   6.7942622e+00   3.3402902e+00   5.7722221e+00   2.5763084e+00   2.0000000e+00
   6.7997386e+00   3.0282020e+00   5.2847303e+00   2.3088859e+00   2.0000000e+00
   6.3603635e+00   2.5873023e+00   5.0778827e+00   1.9071244e+00   2.0000000e+00
   6.5514822e+00   3.0142411e+00   5.2532499e+00   2.0575521e+00   2.0000000e+00
   6.2603127e+00   3.4184766e+00   5.4165338e+00   2.3144559e+00   2.0000000e+00
