   1.5738614e+00   1.0561597e+00   0.0000000e+00
  -2.7607277e+00  -1.1090564e+00   0.0000000e+00
  -1.6887704e+00  -1.8776730e+00   0.0000000e+00
   7.5089878e-01  -1.3356178e+00   1.0000000e+00
  -2.6255784e+00   1.6766150e-01   0.0000000e+00
   1.9443066e-01  -7.2623062e-01   1.0000000e+00
  -1.4138615e+00  -1.8189123e+00   0.0000000e+00
   2.5797931e+00   1.5161232e+00   0.0000000e+00
  -1.9103361e+00   3.0359454e-01   0.0000000e+00
  -1.8832899e+00  -7.8111150e-01   0.0000000e+00
   1.8335623e+00   1.7058011e+00   0.0000000e+00
  -1.6051844e+00  -9.5634406e-02   0.0000000e+00
  -5.7712428e-01   1.8468332e+00   0.0000000e+00
  -1.7004475e+00  -1.8468849e+00   0.0000000e+00
  -1.6074201e+00  -2.0001916e+00   0.0000000e+00
  -1.5228832e+00  -1.6901141e+00   0.0000000e+00
   4.3674540e-01  -1.6958143e+00   1.0000000e+00
  -1.6855667e+00  -3.5638927e+00   0.0000000e+00
   2.5713097e-01  -1.3278545e+00   1.0000000e+00
   2.6675110e-02  -1.6995277e-01   1.0000000e+00
  -2.2341497e+00  -3.2135127e+00   0.0000000e+00
  -2.3095363e+00  -3.0413651e-01   0.0000000e+00
  -1.1588417e+00  -3.5662036e-01   0.0000000e+00
   5.9888522e-01  -6.1507411e-01   1.0000000e+00
  -1.8830473e+00  -1.7586574e+00   0.0000000e+00
   1.7573740e+00   1.9197514e+00   0.0000000e+00
  -2.5037561e+00  -1.5166229e+00   0.0000000e+00
  -1.4561680e+00   1.8321006e-01   0.0000000e+00
  -1.9176999e+00  -3.2029267e+00   0.0000000e+00
   1.1646084e-01  -8.8521103e-01   1.0000000e+00
   2.1075053e-01   1.6873047e+00   0.0000000e+00
  -1.6160510e+00   1.3829120e-01   0.0000000e+00
  -7.9618813e-01  -2.4191188e+00   1.0000000e+00
   1.3153350e-02  -1.2776688e+00   1.0000000e+00
   8.3912897e-01   1.0868061e+00   0.0000000e+00
   1.3078456e+00   2.1277065e+00   0.0000000e+00
  -1.1071212e+00   1.7928543e+00   0.0000000e+00
   3.1320161e+00   1.7905788e+00   0.0000000e+00
   5.3648268e-01  -1.5169169e+00   1.0000000e+00
   1.0557768e+00   1.2969846e+00   0.0000000e+00
  -1.7620949e+00  -1.7538518e+00   0.0000000e+00
   2.5372760e+00   1.0512428e+00   0.0000000e+00
  -2.7261607e-01  -1.0993726e+00   1.0000000e+00
  -1.4093325e+00  -9.6080456e-01   0.0000000e+00
  -7.3798222e-01   2.1330832e+00   0.0000000e+00
  -1.4719878e+00  -2.7468250e+00   0.0000000e+00
  -2.0398913e+00  -3.6723133e+00   0.0000000e+00
  -3.6584811e-01  -1.2744804e+00   1.0000000e+00
  -9.9122342e-01  -2.7684192e+00   1.0000000e+00
   6.6933913e-01   1.1860213e+00   0.0000000e+00
  -9.6644593e-01  -2.3533256e+00   1.0000000e+00
   1.0526801e+00   1.1521114e+00   0.0000000e+00
   2.2648179e-02  -6.6932184e-01   1.0000000e+00
  -3.7415991e-03  -7.7237767e-01   1.0000000e+00
   6.3220015e-01   1.9067128e+00   0.0000000e+00
   1.2366464e+00   1.2158968e+00   0.0000000e+00
   2.4703581e+00   1.4845932e+00   0.0000000e+00
   1.7852884e+00   7.6413421e-01   0.0000000e+00
   4.1652024e-02  -4.8052146e-01   1.0000000e+00
  -1.6443380e+00  -3.2297537e+00   0.0000000e+00
   2.2590241e+00   1.2190238e+00   0.0000000e+00
  -4.3262088e-02  -2.0390678e-01   1.0000000e+00
  -1.0186878e+00   4.8526774e-02   0.0000000e+00
  -2.3498616e+00  -1.8780920e+00   0.0000000e+00
  -8.7662300e-02  -1.2458476e+00   1.0000000e+00
   8.2817606e-01   1.1066116e+00   0.0000000e+00
  -1.2882595e+00   8.8286264e-01   0.0000000e+00
   3.1290544e-01  -1.7902663e+00   1.0000000e+00
   9.7095618e-05  -6.3130724e-01   1.0000000e+00
   1.0173833e+00   1.8827342e+00   0.0000000e+00
  -2.1726142e+00  -3.4794681e+00   0.0000000e+00
   2.2500465e+00   2.1987252e+00   0.0000000e+00
   1.8933474e+00   1.4430914e+00   0.0000000e+00
  -2.1952779e+00   4.9216424e-01   0.0000000e+00
  -1.1797868e+00   4.4073447e-02   0.0000000e+00
  -9.0628554e-02  -1.1211192e+00   1.0000000e+00
  -1.9267923e+00  -1.6836094e+00   0.0000000e+00
   8.2286451e-01  -1.2648340e+00   1.0000000e+00
   1.4540119e+00   1.0493087e+00   0.0000000e+00
   7.1729500e-01  -1.8211464e-01   1.0000000e+00
  -1.3259734e+00  -1.2690768e+00   0.0000000e+00
  -1.8505652e+00  -2.0294842e-01   0.0000000e+00
   3.1395922e+00   2.2282998e+00   0.0000000e+00
   1.8966175e+00   1.7897330e+00   0.0000000e+00
  -5.1011358e-01  -2.3377841e+00   1.0000000e+00
   3.2754224e-01  -1.8745171e+00   1.0000000e+00
  -2.0487758e+00   8.6892772e-01   0.0000000e+00
   8.8187904e-02  -1.5142225e+00   1.0000000e+00
  -1.2387738e+00   1.3247552e+00   0.0000000e+00
   1.4775071e+00   2.1732965e+00   0.0000000e+00
  -6.7768593e-01  -2.0973938e+00   1.0000000e+00
  -1.9839758e+00   9.8745340e-03   0.0000000e+00
   8.5985884e-01   2.0246416e+00   0.0000000e+00
  -2.0526980e+00  -3.5164632e+00   0.0000000e+00
  -7.8116546e-01   1.7742526e+00   0.0000000e+00
  -1.6351816e+00   4.2774093e-01   0.0000000e+00
   2.3946765e-01  -7.8083187e-01   1.0000000e+00
   1.3187601e+00   1.3515743e+00   0.0000000e+00
   9.8560711e-01   1.5296536e+00   0.0000000e+00
  -2.3745122e+00  -3.4711380e-01   0.0000000e+00
   1.8500202e+00   1.7779516e+00   0.0000000e+00
  -7.4926405e-01  -2.9975141e+00   1.0000000e+00
   1.6948841e+00   1.3159432e+00   0.0000000e+00
  -1.7961365e+00  -2.8692526e-01   0.0000000e+00
  -2.4379822e+00  -3.4117513e+00   0.0000000e+00
   2.5516327e+00   1.9901969e+00   0.0000000e+00
  -1.4104138e-01  -1.0633284e+00   1.0000000e+00
  -1.5307444e-01  -2.4005404e+00   1.0000000e+00
  -1.8298233e+00  -3.3307873e+00   0.0000000e+00
   3.8835424e-01  -2.2259311e+00   1.0000000e+00
  -8.1931738e-01   2.0524072e+00   0.0000000e+00
  -1.4610519e+00  -2.0849458e-01   0.0000000e+00
   5.2104255e-01  -5.2168239e-01   1.0000000e+00
  -9.8998487e-01   1.3578463e+00   0.0000000e+00
   6.0932704e-01   1.8794085e+00   0.0000000e+00
  -1.7553845e+00   2.3145774e-01   0.0000000e+00
  -2.4905653e+00  -1.6574384e+00   0.0000000e+00
  -1.4888997e+00  -3.1078137e+00   0.0000000e+00
   2.6555978e-01   1.3274391e+00   0.0000000e+00
  -1.8784773e+00   5.7113648e-02   0.0000000e+00
   1.0305035e-02  -2.3506176e+00   1.0000000e+00
  -8.8279251e-01   1.8117183e+00   0.0000000e+00
  -1.3577134e-01  -8.9268793e-01   1.0000000e+00
  -1.7630278e+00  -3.1805990e+00   0.0000000e+00
   7.1049259e-01   6.4677060e-01   0.0000000e+00
  -1.9231535e+00  -2.8962659e-01   0.0000000e+00
   2.0456299e-01  -1.2687321e+00   1.0000000e+00
  -1.8817342e+00   3.9083223e-01   0.0000000e+00
  -1.4932195e+00  -3.2291890e+00   0.0000000e+00
   2.4445542e+00   1.3717208e+00   0.0000000e+00
  -2.0871618e+00  -3.3520706e+00   0.0000000e+00
   7.0552671e-01   9.8068248e-01   0.0000000e+00
  -9.4324857e-01   1.8360882e+00   0.0000000e+00
   1.3263484e+00   2.0826667e+00   0.0000000e+00
  -1.8251942e+00  -3.1091967e+00   0.0000000e+00
   3.3072522e-01  -6.3800515e-01   1.0000000e+00
  -1.5570364e+00  -5.7581190e-01   0.0000000e+00
   2.3018442e+00   1.4633828e+00   0.0000000e+00
   4.7507751e-01   9.6843659e-01   0.0000000e+00
   2.1386794e-01  -1.0167529e+00   1.0000000e+00
  -1.2853840e+00   1.5266724e+00   0.0000000e+00
   9.0765332e-01   2.2485338e+00   0.0000000e+00
   7.4882855e-02  -2.2289699e+00   1.0000000e+00
   1.0593110e+00  -1.0790266e+00   1.0000000e+00
   2.5007200e+00   1.1947434e+00   0.0000000e+00
   3.0539879e-01  -1.2522947e+00   1.0000000e+00
  -2.6699866e-01  -2.2284364e+00   1.0000000e+00
   9.6869316e-01   1.5932926e+00   0.0000000e+00
  -5.1969502e-01  -1.2193054e+00   1.0000000e+00
   2.4794597e+00   2.0084704e+00   0.0000000e+00
  -1.1347810e+00   4.7716194e-01   0.0000000e+00
   4.7969711e-01  -1.2579244e+00   1.0000000e+00
  -1.3592858e+00  -2.5114542e+00   0.0000000e+00
   1.1378314e-01   1.5205404e+00   0.0000000e+00
   2.2795604e-01  -5.7641933e-01   1.0000000e+00
   1.1538996e+00   1.1921746e+00   0.0000000e+00
   6.2877082e-01  -3.3495850e-01   1.0000000e+00
   1.3707247e-01  -1.8800433e+00   1.0000000e+00
   9.3109180e-01   1.0801588e+00   0.0000000e+00
  -1.1643753e-01  -1.5361866e+00   1.0000000e+00
  -2.0437408e+00  -1.4197592e+00   0.0000000e+00
  -1.4708140e+00  -1.2995780e+00   0.0000000e+00
   3.7666061e-01   1.7723030e+00   0.0000000e+00
  -2.2599902e+00  -1.4297849e+00   0.0000000e+00
  -1.6224632e+00  -1.7198162e+00   0.0000000e+00
   2.5984866e+00   1.5412974e+00   0.0000000e+00
   1.6854019e-01  -7.4431561e-01   1.0000000e+00
   1.2008407e+00   1.6280584e+00   0.0000000e+00
  -2.4941238e+00  -3.5113082e+00   0.0000000e+00
   2.7459880e+00   2.1410081e+00   0.0000000e+00
   1.7529431e+00   1.2690204e+00   0.0000000e+00
   5.4389761e-01   9.9808249e-01   0.0000000e+00
  -3.7211747e-01  -2.3462455e+00   1.0000000e+00
   3.3723969e-01   9.9128066e-01   0.0000000e+00
  -1.8130564e+00   2.8171802e-01   0.0000000e+00
   6.1943338e-01   1.1195780e+00   0.0000000e+00
   4.9946565e-01  -1.5430725e+00   1.0000000e+00
  -6.4286357e-02  -7.4428169e-01   1.0000000e+00
   1.3343304e+00  -8.2118565e-01   1.0000000e+00
  -2.2689158e+00  -1.6414111e+00   0.0000000e+00
  -1.7755554e-01  -8.7209666e-01   1.0000000e+00
  -2.8211485e+00  -1.1609721e+00   0.0000000e+00
  -4.2695914e-01   1.8224140e+00   0.0000000e+00
   7.4332092e-01   2.0853091e+00   0.0000000e+00
   9.8795203e-01   1.6618095e+00   0.0000000e+00
   3.5549140e-01  -1.0272979e+00   1.0000000e+00
  -1.4619737e+00  -2.1037699e+00   0.0000000e+00
  -1.9015260e+00  -1.9031672e+00   0.0000000e+00
   6.5509932e-01   1.1134999e+00   0.0000000e+00
   1.5345661e-01   1.3025799e+00   0.0000000e+00
   6.3109946e-01   1.6423711e+00   0.0000000e+00
  -4.6317297e-02  -1.3786735e+00   1.0000000e+00
  -1.9512065e+00  -4.4098036e-01   0.0000000e+00
   1.6182796e+00   1.9569181e+00   0.0000000e+00
  -2.8634934e+00  -1.5303213e+00   0.0000000e+00
  -2.2393754e+00  -1.2148183e-01   0.0000000e+00
   8.1900141e-01   1.9054219e+00   0.0000000e+00
  -1.6860732e+00  -2.7714301e+00   0.0000000e+00
   5.4560579e-02  -5.7081776e-01   1.0000000e+00
  -1.8125155e+00  -1.3649847e+00   0.0000000e+00
  -2.3808814e+00  -3.5031520e+00   0.0000000e+00
  -1.9343786e+00  -1.7523033e+00   0.0000000e+00
   5.6297222e-01  -9.5401075e-01   1.0000000e+00
  -1.8195693e+00   2.5794235e-01   0.0000000e+00
   3.2697871e+00   2.2104195e+00   0.0000000e+00
  -6.3680344e-01  -2.4497474e+00   1.0000000e+00
  -1.6938772e+00  -1.7574814e-02   0.0000000e+00
  -4.3800724e-01  -2.4820362e+00   1.0000000e+00
   1.3098604e+00   1.7230683e+00   0.0000000e+00
   8.3549249e-01   1.0040432e+00   0.0000000e+00
   1.6362235e-01  -1.4545739e+00   1.0000000e+00
   6.4003850e-02  -1.9200253e+00   1.0000000e+00
   4.4080238e-01  -6.1448090e-01   1.0000000e+00
  -7.2715575e-01  -2.6256968e+00   1.0000000e+00
   4.1523479e-01  -1.4042227e+00   1.0000000e+00
   8.0817591e-02  -1.4400367e+00   1.0000000e+00
  -1.3445346e+00  -2.0979282e+00   0.0000000e+00
  -6.4881189e-02  -2.0977221e+00   1.0000000e+00
  -1.8442614e+00  -1.3164876e+00   0.0000000e+00
  -1.4869355e+00  -2.6098284e-01   0.0000000e+00
  -4.8551763e-01  -2.7662444e+00   1.0000000e+00
  -1.9725836e-01  -1.3394114e+00   1.0000000e+00
   1.1002550e+00  -1.4547939e+00   1.0000000e+00
  -3.7617575e-01  -1.5334115e+00   1.0000000e+00
   9.5104490e-01   1.6010356e+00   0.0000000e+00
  -1.7522327e+00  -1.5926657e+00   0.0000000e+00
   1.5589442e+00   1.8298567e+00   0.0000000e+00
  -1.6930784e+00   3.2676676e-01   0.0000000e+00
   4.4156770e-01  -1.3215726e+00   1.0000000e+00
  -1.4155222e+00  -2.8626819e+00   0.0000000e+00
   1.0665168e+00   1.6904488e+00   0.0000000e+00
  -2.8559498e+00  -1.3820208e+00   0.0000000e+00
  -2.6413096e-01  -1.1566896e+00   1.0000000e+00
  -4.0402005e-02  -9.3516527e-01   1.0000000e+00
  -3.2565619e-01  -2.4730372e+00   1.0000000e+00
   2.0485775e+00   1.4081694e+00   0.0000000e+00
  -1.2937485e+00  -3.0248514e-01   0.0000000e+00
  -1.8354815e-01  -1.5216320e+00   1.0000000e+00
  -1.7086234e+00  -2.9290448e+00   0.0000000e+00
  -9.5227305e-01   1.7829513e+00   0.0000000e+00
   1.1704524e+00   1.2073967e+00   0.0000000e+00
  -2.0724124e+00  -3.6154130e+00   0.0000000e+00
   7.2541267e-02  -1.8121460e+00   1.0000000e+00
  -1.3518605e+00   5.8166668e-01   0.0000000e+00
   2.6336168e+00   1.0516616e+00   0.0000000e+00
   1.5298846e+00   1.9133904e+00   0.0000000e+00
  -1.9784063e+00  -1.8475501e+00   0.0000000e+00
  -3.9543207e-01  -1.6737185e+00   1.0000000e+00
   5.2607611e-01   1.7233377e+00   0.0000000e+00
   1.6825565e+00   1.9463274e+00   0.0000000e+00
  -9.7266680e-01   1.6361572e+00   0.0000000e+00
  -2.1747495e+00  -3.5660947e+00   0.0000000e+00
  -7.2796567e-01  -2.3680142e+00   1.0000000e+00
   2.7388880e-01  -1.3737963e+00   1.0000000e+00
  -1.0318593e+00   8.0669082e-01   0.0000000e+00
  -1.7969240e+00  -2.8935813e-01   0.0000000e+00
  -4.5791246e-01  -2.0985791e+00   1.0000000e+00
  -1.4662076e+00  -1.1558144e+00   0.0000000e+00
  -2.0016992e+00  -3.4951273e+00   0.0000000e+00
   2.6133628e+00   1.6580829e+00   0.0000000e+00
  -2.0720649e+00   4.6654407e-01   0.0000000e+00
  -5.4676295e-01  -1.8902906e+00   1.0000000e+00
   1.0686475e+00   1.2913445e+00   0.0000000e+00
  -2.5217801e+00   7.6190716e-02   0.0000000e+00
  -2.2122354e+00  -1.8050415e+00   0.0000000e+00
   4.2773445e-01  -7.3336331e-01   1.0000000e+00
  -2.5310509e+00  -3.8569928e-01   0.0000000e+00
  -2.5297327e+00  -2.0507655e+00   0.0000000e+00
  -2.3099594e+00  -3.7792642e-02   0.0000000e+00
   3.5704734e-01  -7.0531239e-02   1.0000000e+00
   1.4759422e+00   1.8926408e+00   0.0000000e+00
  -1.6913489e+00  -3.3578701e+00   0.0000000e+00
  -1.4226686e+00   7.3558231e-01   0.0000000e+00
  -3.9719150e-01   1.9242671e+00   0.0000000e+00
  -9.9988102e-01  -3.0744018e+00   0.0000000e+00
   6.5321439e-01  -8.4224693e-01   1.0000000e+00
  -4.7848336e-01   2.1630368e+00   0.0000000e+00
  -2.3129608e+00  -9.8269963e-01   0.0000000e+00
   7.5920047e-01   1.3349423e+00   0.0000000e+00
  -1.8369467e+00   2.3562502e-01   0.0000000e+00
  -2.3914539e+00  -1.5548979e+00   0.0000000e+00
  -2.1301033e+00  -7.3742779e-01   0.0000000e+00
  -2.5132542e-01  -2.1005974e+00   1.0000000e+00
  -2.5785543e+00  -4.0882009e+00   0.0000000e+00
   4.8140612e-01   1.3296452e+00   0.0000000e+00
   1.3631354e+00   1.6831024e+00   0.0000000e+00
  -1.6476374e+00  -2.9372064e+00   0.0000000e+00
   2.2087371e+00   1.9048404e+00   0.0000000e+00
   1.0585202e+00   2.3260485e+00   0.0000000e+00
  -2.2590039e+00   8.9547009e-02   0.0000000e+00
   9.4437186e-01   1.9916161e+00   0.0000000e+00
  -1.8559487e+00  -3.2956848e+00   0.0000000e+00
   5.9921228e-01  -1.1749853e+00   1.0000000e+00
  -5.4950094e-01   1.8720017e+00   0.0000000e+00
  -1.4578290e+00  -5.1248052e-01   0.0000000e+00
   2.1202517e+00   1.1625227e+00   0.0000000e+00
  -1.1280459e+00   1.5336187e+00   0.0000000e+00
   3.4512603e-01   1.3862599e+00   0.0000000e+00
  -6.6179667e-01   2.2787296e+00   0.0000000e+00
   1.1623375e+00   2.0073498e+00   0.0000000e+00
   5.2158246e-01   8.6634854e-01   0.0000000e+00
  -6.2285508e-01  -1.1805120e+00   0.0000000e+00
  -1.6855509e+00   2.7373039e-01   0.0000000e+00
  -1.3737998e-01  -1.6035267e+00   1.0000000e+00
  -1.2168544e+00  -3.5488609e+00   0.0000000e+00
  -2.4429665e+00  -1.3791493e-01   0.0000000e+00
  -1.2211862e+00  -1.5931035e-01   0.0000000e+00
  -6.3419295e-01  -2.1975225e+00   1.0000000e+00
   5.2155536e-01  -1.1367925e+00   1.0000000e+00
  -2.7828091e-01  -1.5673254e+00   1.0000000e+00
  -1.0048155e+00  -2.4690809e+00   1.0000000e+00
  -3.2755448e-01  -2.1820311e+00   1.0000000e+00
  -7.4763105e-01  -2.5789086e+00   1.0000000e+00
   5.0460076e-01  -1.5254520e-01   1.0000000e+00
   4.4251876e-01  -1.2792885e+00   1.0000000e+00
  -1.0934727e+00  -1.5838296e+00   0.0000000e+00
   1.9647920e+00   2.2529167e+00   0.0000000e+00
  -2.4593025e+00  -2.1057490e+00   0.0000000e+00
  -1.6983208e-01  -1.9454594e+00   1.0000000e+00
   3.9875359e-01  -4.0982176e-01   1.0000000e+00
  -2.3465588e+00  -1.1919988e-01   0.0000000e+00
   3.7749804e-01  -6.3262708e-01   1.0000000e+00
   4.2736512e-01  -7.9450734e-01   1.0000000e+00
  -1.5228597e+00  -2.8859672e+00   0.0000000e+00
  -2.1407622e+00  -2.2103493e-01   0.0000000e+00
   5.0242753e-01  -1.5346735e+00   1.0000000e+00
   1.0521210e+00   7.9901502e-01   0.0000000e+00
  -3.5490522e-01  -1.3718358e+00   1.0000000e+00
   2.9349948e-01  -5.3878065e-01   1.0000000e+00
   7.5582134e-02  -6.7538826e-01   1.0000000e+00
   3.8829944e-01   1.2991152e+00   0.0000000e+00
  -8.5583681e-01  -2.4375285e+00   1.0000000e+00
   2.4843252e+00   2.0092777e+00   0.0000000e+00
   1.3174060e+00   1.9096992e+00   0.0000000e+00
   9.7711244e-01   1.2295365e+00   0.0000000e+00
   1.3809698e+00   1.7575889e+00   0.0000000e+00
  -2.1375784e+00  -1.9164195e+00   0.0000000e+00
   7.6343418e-01   1.1677969e+00   0.0000000e+00
   7.8398009e-01   2.0428032e+00   0.0000000e+00
  -3.9607422e-01   2.0587396e+00   0.0000000e+00
  -2.4244096e+00   4.6918905e-01   0.0000000e+00
  -1.6046270e+00  -2.5073570e-01   0.0000000e+00
  -2.5717013e+00  -4.2116086e-01   0.0000000e+00
  -1.6698614e+00  -1.4219025e+00   0.0000000e+00
  -2.6942548e-01  -1.8912740e+00   1.0000000e+00
   1.1006692e+00   1.8935388e+00   0.0000000e+00
  -2.4182376e+00  -6.6322714e-03   0.0000000e+00
  -6.1897796e-01   1.9919017e+00   0.0000000e+00
   9.8760546e-02  -1.9844618e+00   1.0000000e+00
   6.6207057e-01   1.8944973e+00   0.0000000e+00
   1.5452498e+00   9.8791440e-01   0.0000000e+00
   6.7671071e-02  -1.0859871e+00   1.0000000e+00
   1.1686806e+00   2.0608868e+00   0.0000000e+00
   2.0725336e+00   1.5993575e+00   0.0000000e+00
   8.4440409e-01  -9.0585591e-01   1.0000000e+00
   1.7963221e+00   1.6776369e+00   0.0000000e+00
   1.2858439e+00   1.4221207e+00   0.0000000e+00
  -1.3396922e-01  -1.3100915e+00   1.0000000e+00
  -2.2545037e+00  -3.4961945e+00   0.0000000e+00
   3.3635077e-01   6.3715913e-01   0.0000000e+00
  -1.7851724e+00  -3.2990339e-01   0.0000000e+00
  -1.6994095e-01  -2.3142918e+00   1.0000000e+00
  -2.4869432e+00  -1.4903505e+00   0.0000000e+00
  -1.4007746e+00  -1.2814086e+00   0.0000000e+00
  -1.7954924e+00   7.5628047e-01   0.0000000e+00
  -8.7560538e-01   8.0728135e-01   0.0000000e+00
  -1.7302203e+00  -3.6341356e+00   0.0000000e+00
   3.2232846e+00   1.2680799e+00   0.0000000e+00
  -1.5846614e+00   4.2097405e-01   0.0000000e+00
  -1.6454686e+00  -1.2675289e+00   0.0000000e+00
  -1.0096622e+00   1.4828371e+00   0.0000000e+00
  -3.6519935e-01  -2.3711731e+00   1.0000000e+00
  -1.6986251e-01  -1.3360733e+00   1.0000000e+00
   2.9428714e-01  -1.7261756e+00   1.0000000e+00
  -1.0891978e+00   1.7475628e+00   0.0000000e+00
  -4.3995529e-01  -1.9615677e+00   1.0000000e+00
   1.2517167e+00   1.2790902e+00   0.0000000e+00
   1.8146173e+00   1.6872994e+00   0.0000000e+00
   1.6897911e+00   1.4004719e+00   0.0000000e+00
  -7.2832860e-01  -1.9552423e+00   1.0000000e+00
   2.8463129e+00   1.9136040e+00   0.0000000e+00
   1.8681613e+00   2.0928985e+00   0.0000000e+00
   3.7535232e-01  -6.2953531e-01   1.0000000e+00
  -4.5008164e-01  -2.1414679e+00   1.0000000e+00
   1.0577266e+00   9.7696144e-01   0.0000000e+00
   1.3653964e+00   1.8771109e+00   0.0000000e+00
  -1.3964720e+00  -7.9834556e-01   0.0000000e+00
   1.4398511e-01  -1.2204605e+00   1.0000000e+00
   3.3389159e-01  -2.4249334e+00   1.0000000e+00
   1.1667340e+00   1.6873774e+00   0.0000000e+00
  -2.1067440e+00  -2.8756840e+00   0.0000000e+00
  -1.3118376e+00   1.9778443e+00   0.0000000e+00
   2.7484272e+00   1.5281709e+00   0.0000000e+00
  -4.8902757e-01   1.4229723e+00   0.0000000e+00
   2.3634737e-01  -4.4170713e-01   1.0000000e+00
  -1.2519673e+00   3.1254525e-01   0.0000000e+00
  -1.4325427e+00  -2.6824094e+00   0.0000000e+00
  -1.0656247e+00   5.8491129e-01   0.0000000e+00
  -2.1768964e+00  -1.8090917e+00   0.0000000e+00
   1.0950728e+00   1.3527473e+00   0.0000000e+00
   6.5216457e-01  -2.0551478e+00   1.0000000e+00
   2.9979384e+00   1.7150126e+00   0.0000000e+00
  -2.2748835e+00  -6.6082480e-01   0.0000000e+00
   3.1970219e-01   1.0592231e+00   0.0000000e+00
   6.9223208e-01   1.3095620e+00   0.0000000e+00
   2.5389182e-01  -8.3576281e-01   1.0000000e+00
  -2.4469166e-01  -1.8404924e+00   1.0000000e+00
   3.0298184e+00   1.8571137e+00   0.0000000e+00
   3.6262582e-01  -1.4916938e+00   1.0000000e+00
  -1.7086352e+00  -1.7712039e+00   0.0000000e+00
   9.0055336e-02  -2.1764684e+00   1.0000000e+00
   6.4099797e-01   8.5984871e-01   0.0000000e+00
  -2.0745770e+00  -1.3807008e+00   0.0000000e+00
  -1.0017566e+00  -2.9752313e+00   1.0000000e+00
  -3.6818353e-01  -2.8680193e+00   1.0000000e+00
   2.4907065e+00   1.1952548e+00   0.0000000e+00
  -2.5096004e-01   1.8407569e+00   0.0000000e+00
   8.6534860e-01  -1.4505481e+00   1.0000000e+00
   3.1987462e-01  -5.2914997e-01   1.0000000e+00
  -1.5182203e+00   1.6163055e-01   0.0000000e+00
   3.9915435e-01  -5.6546788e-01   1.0000000e+00
   1.3894966e+00   1.7950647e+00   0.0000000e+00
   3.2614270e-01   4.3064112e-02   1.0000000e+00
   1.2501193e-01  -3.5898369e-01   1.0000000e+00
  -1.6150563e-03  -1.7294016e+00   1.0000000e+00
  -8.1164011e-01   2.0886203e+00   0.0000000e+00
  -2.5624898e+00   3.8043983e-01   0.0000000e+00
  -2.2115339e-01  -1.8879503e+00   1.0000000e+00
   2.2575424e+00   1.9776911e+00   0.0000000e+00
   1.2252749e+00   2.1068189e+00   0.0000000e+00
   8.0337247e-01   1.5413609e+00   0.0000000e+00
  -1.2997341e+00  -1.8195648e-01   0.0000000e+00
  -2.7677306e+00  -1.8109852e+00   0.0000000e+00
  -2.4869762e+00  -3.3524443e+00   0.0000000e+00
   3.3423438e-01   1.8372935e+00   0.0000000e+00
  -2.0762833e+00  -7.4662710e-01   0.0000000e+00
  -4.9840635e-01  -1.3088998e+00   1.0000000e+00
  -2.1441842e+00  -2.0493238e+00   0.0000000e+00
  -2.1372150e+00  -3.7113500e+00   0.0000000e+00
   9.0005292e-01  -4.7154061e-01   1.0000000e+00
   1.4919387e+00   1.9964667e+00   0.0000000e+00
  -2.0835071e+00  -1.0410140e+00   0.0000000e+00
  -1.3926352e+00   6.2010139e-02   0.0000000e+00
  -9.8638035e-01   1.9276824e+00   0.0000000e+00
  -6.3422544e-01  -2.3106924e+00   1.0000000e+00
   2.5949508e-01  -7.5894698e-01   1.0000000e+00
  -1.9444963e+00  -2.2891887e+00   0.0000000e+00
   1.5948372e+00   1.9156899e+00   0.0000000e+00
  -3.3262754e-01  -1.8568191e+00   1.0000000e+00
  -5.5974204e-02  -9.9486168e-01   1.0000000e+00
   3.4660409e-01  -9.3957756e-01   1.0000000e+00
  -2.4312781e+00  -9.3515819e-02   0.0000000e+00
  -4.6022032e-02  -1.9686278e+00   1.0000000e+00
   2.4042296e+00   1.7916727e+00   0.0000000e+00
  -1.9264679e+00  -1.5215523e+00   0.0000000e+00
  -8.4142043e-02  -7.4732108e-01   1.0000000e+00
  -1.8614767e+00   7.1331000e-01   0.0000000e+00
   6.0409580e-01   1.0319051e+00   0.0000000e+00
  -4.6328546e-01  -2.5461227e+00   1.0000000e+00
  -2.4528257e+00  -3.3847506e-01   0.0000000e+00
  -2.2579136e-01  -2.5570669e+00   1.0000000e+00
  -2.2440135e+00   5.7539047e-01   0.0000000e+00
  -1.8288069e+00  -7.2723477e-01   0.0000000e+00
  -2.8454705e-01  -2.5923475e+00   1.0000000e+00
   1.1223194e+00   1.6356999e+00   0.0000000e+00
  -1.3753088e-01  -6.6915379e-01   1.0000000e+00
  -1.8516917e+00  -3.2212310e+00   0.0000000e+00
  -1.3441058e+00  -9.7703727e-03   0.0000000e+00
  -1.4904488e+00  -3.1515678e+00   0.0000000e+00
  -2.2506197e+00  -1.5649390e+00   0.0000000e+00
  -2.3006524e+00  -7.1417902e-01   0.0000000e+00
   1.0393046e+00   1.8991221e+00   0.0000000e+00
   7.2725738e-01   4.6481858e-01   1.0000000e+00
  -2.1193298e+00  -1.0187777e+00   0.0000000e+00
   2.9508043e+00   1.3422499e+00   0.0000000e+00
   1.7332335e+00   1.8717263e+00   0.0000000e+00
  -2.9590634e-01  -1.5893845e+00   1.0000000e+00
   1.2076344e+00  -1.1090173e+00   1.0000000e+00
  -1.7881238e+00  -1.7264231e+00   0.0000000e+00
   7.7253005e-01   2.0198812e+00   0.0000000e+00
  -1.7978425e+00  -3.1651444e-01   0.0000000e+00
  -1.6618278e+00  -8.4991582e-01   0.0000000e+00
  -1.4582489e+00  -2.1684159e+00   0.0000000e+00
  -8.5482037e-01   1.4745745e+00   0.0000000e+00
   1.0584466e+00   8.5975047e-01   0.0000000e+00
  -8.3129329e-01   1.8683105e+00   0.0000000e+00
   2.9743549e-01  -5.5331967e-01   1.0000000e+00
  -4.2122173e-01  -2.6046530e+00   1.0000000e+00
  -1.5075364e+00  -1.2225748e-01   0.0000000e+00
   4.8119603e-03  -1.0651118e+00   1.0000000e+00
   1.1586993e-01  -8.3712831e-01   1.0000000e+00
   8.2414952e-01   1.2741924e+00   0.0000000e+00
  -9.8276571e-01   1.9601713e+00   0.0000000e+00
  -2.9261799e+00  -1.8385427e+00   0.0000000e+00
   1.2983170e+00   2.1906232e+00   0.0000000e+00
  -2.4594456e+00  -2.0898608e+00   0.0000000e+00
  -1.1312385e+00   6.3964414e-01   0.0000000e+00
  -1.3210782e+00   3.6857164e-01   0.0000000e+00
  -2.0520304e+00  -1.5563125e+00   0.0000000e+00
   5.1914183e-01  -1.2150708e+00   1.0000000e+00
