  -8.2815153e-01  -1.9165715e+00   0.0000000e+00
   2.0152637e+00   1.5283308e+00   1.0000000e+00
   4.0252205e-01  -7.8164102e-01   1.0000000e+00
   3.0003330e+00   1.6245681e+00   1.0000000e+00
   1.1527613e+00  -6.6803820e-02   1.0000000e+00
   1.5058222e+00  -3.2195166e-01   1.0000000e+00
   7.4664243e-01  -2.3993710e+00   0.0000000e+00
   1.1619974e+00  -2.5163690e+00   0.0000000e+00
  -6.4114271e-01  -2.1538299e-01   0.0000000e+00
   1.8667767e+00  -1.3183658e-01   1.0000000e+00
   8.8062852e-01  -5.7087484e-01   1.0000000e+00
   2.0972480e+00   1.9899224e+00   1.0000000e+00
  -5.4755478e-01  -2.0162240e+00   0.0000000e+00
   3.1423405e-01  -9.1033459e-01   1.0000000e+00
   1.2067393e+00  -2.0798610e-01   1.0000000e+00
   1.2786686e+00  -2.6943483e-01   1.0000000e+00
  -1.5360130e+00  -9.9960657e-01   0.0000000e+00
  -7.2616576e-02  -2.2304907e+00   0.0000000e+00
  -2.1194516e-01  -7.1383765e-01   0.0000000e+00
  -2.4181415e+00  -4.2858093e+00   1.0000000e+00
  -2.2317535e+00  -3.9209470e+00   1.0000000e+00
   2.3502154e+00   1.4738887e+00   1.0000000e+00
  -1.8902327e-01  -1.3169387e+00   0.0000000e+00
   1.1160246e+00   1.0170177e-01   1.0000000e+00
  -3.2492028e-01  -5.6910980e-01   0.0000000e+00
   6.9372144e-01  -9.8311434e-02   1.0000000e+00
   1.8003220e+00   2.0948254e+00   1.0000000e+00
  -9.2520503e-01  -4.3886076e-01   0.0000000e+00
  -1.0597930e-01  -7.8772123e-01   0.0000000e+00
   2.0638397e+00   2.2182592e-01   1.0000000e+00
   1.2372032e+00  -2.5864654e+00   0.0000000e+00
  -7.8620267e-01  -8.5067370e-01   0.0000000e+00
  -1.6874494e+00  -3.8361584e+00   1.0000000e+00
  -1.7078547e+00  -4.4008089e+00   1.0000000e+00
  -1.9561489e+00  -4.0643464e+00   1.0000000e+00
   1.9971770e+00   1.9737030e+00   1.0000000e+00
  -1.7220113e+00  -3.5703948e+00   1.0000000e+00
  -1.8131659e+00  -4.0704048e+00   1.0000000e+00
  -9.0935804e-01  -1.8449529e+00   0.0000000e+00
  -5.3782109e-01  -1.6079663e+00   0.0000000e+00
  -6.8493427e-01  -6.1689677e-01   0.0000000e+00
   1.7351621e+00   1.7477430e+00   1.0000000e+00
  -7.2189631e-01  -1.7962413e+00   0.0000000e+00
  -2.2906632e+00  -4.2391501e+00   1.0000000e+00
   2.3836129e+00   1.7321022e+00   1.0000000e+00
   1.2185285e+00  -2.9389360e+00   0.0000000e+00
  -1.3242400e+00  -1.7292785e+00   0.0000000e+00
  -1.9706204e+00  -3.9651462e+00   1.0000000e+00
  -5.0156736e-01  -6.2920638e-01   0.0000000e+00
  -6.7973120e-01  -9.3052170e-01   0.0000000e+00
   6.2326386e-02  -7.0048900e-01   1.0000000e+00
   2.7929492e+00   1.9259575e+00   1.0000000e+00
  -2.2590342e+00  -4.2260962e+00   1.0000000e+00
   8.3594718e-01  -6.2415270e-01   1.0000000e+00
  -1.3660069e+00  -2.0927918e+00   0.0000000e+00
   4.6544268e-01  -7.9461650e-01   1.0000000e+00
   8.8939511e-01  -1.6023073e-01   1.0000000e+00
   1.4668358e+00   6.6715679e-01   1.0000000e+00
   1.2362312e+00  -2.6614895e-02   1.0000000e+00
  -2.4675364e+00  -3.9993017e+00   1.0000000e+00
   2.1746906e+00   3.0271420e+00   1.0000000e+00
   1.4293262e+00  -2.3938882e+00   0.0000000e+00
  -1.9068752e+00  -4.1583373e+00   1.0000000e+00
   7.6265168e-01  -5.8527402e-01   1.0000000e+00
   1.2671896e+00  -2.9410817e+00   0.0000000e+00
   1.5332268e+00  -2.0433232e+00   0.0000000e+00
  -2.1162994e+00  -4.1320512e+00   1.0000000e+00
   1.5164780e+00   5.7120200e-02   1.0000000e+00
   2.3953416e+00   1.6902762e+00   1.0000000e+00
   1.9076650e+00   1.0787580e+00   1.0000000e+00
  -5.6112074e-01  -8.3456252e-01   0.0000000e+00
   2.3745419e+00   2.4494939e+00   1.0000000e+00
  -7.9455743e-01  -6.0432671e-01   0.0000000e+00
  -3.7088085e-01  -2.2411423e+00   0.0000000e+00
   1.3038160e+00  -6.0290733e-01   1.0000000e+00
   1.2923291e+00  -6.9877201e-01   1.0000000e+00
   2.7625983e+00   2.0134891e+00   1.0000000e+00
   2.2284652e+00   1.4654969e+00   1.0000000e+00
   1.9311937e+00   2.6510389e+00   1.0000000e+00
  -2.2007587e+00  -3.9775041e+00   1.0000000e+00
   9.9543271e-01  -7.2075965e-02   1.0000000e+00
   1.8837925e+00   1.8676168e+00   1.0000000e+00
  -9.6418310e-01  -1.6939070e+00   0.0000000e+00
   1.5114903e+00  -4.5541593e-01   1.0000000e+00
   1.0826796e+00  -2.4770556e+00   0.0000000e+00
   1.4043479e-01  -1.8863561e+00   0.0000000e+00
  -2.0016861e+00  -3.6653390e+00   1.0000000e+00
  -7.1620078e-01  -2.5827010e-01   0.0000000e+00
   1.4280507e+00  -1.2339305e-01   1.0000000e+00
  -1.7618793e+00  -3.9542834e+00   1.0000000e+00
   1.3024908e+00  -2.4954882e+00   0.0000000e+00
  -1.9574805e+00  -3.5674159e+00   1.0000000e+00
  -2.1136275e+00  -4.8014052e+00   1.0000000e+00
   2.2965305e+00   3.7459593e-01   1.0000000e+00
  -2.0465532e+00  -4.2714252e+00   1.0000000e+00
  -7.2842870e-01  -6.0874170e-01   0.0000000e+00
  -1.1155361e+00  -1.2204715e+00   0.0000000e+00
   2.1613244e+00   1.8101822e+00   1.0000000e+00
   2.0876935e+00   1.3968355e+00   1.0000000e+00
   3.1024758e-01  -2.9541775e+00   0.0000000e+00
   1.6059234e+00  -6.5202041e-02   1.0000000e+00
  -1.7560922e+00  -2.5253583e+00   0.0000000e+00
   5.2543038e-01  -3.4219176e+00   0.0000000e+00
  -2.3324705e-01  -6.8096902e-01   0.0000000e+00
   1.6852161e+00   1.1620814e-01   1.0000000e+00
   1.7830988e+00   1.2460344e+00   1.0000000e+00
   2.1869545e+00   1.0384586e+00   1.0000000e+00
  -2.8068359e-01  -5.8566622e-01   0.0000000e+00
   1.0256553e+00  -8.0302866e-01   1.0000000e+00
  -6.5786702e-01  -1.6999384e+00   0.0000000e+00
   6.2385358e-01  -1.5499091e-01   1.0000000e+00
  -7.8912044e-01  -8.2426709e-01   0.0000000e+00
  -2.1166943e+00  -4.0473640e+00   1.0000000e+00
  -9.2398183e-01  -1.5284431e+00   0.0000000e+00
  -3.5795138e-01  -1.1285780e+00   0.0000000e+00
  -1.1269077e+00  -2.3158711e+00   0.0000000e+00
  -2.3322841e-01  -1.3803808e+00   0.0000000e+00
   2.7305719e+00   1.6207662e+00   1.0000000e+00
  -5.6511127e-01  -8.3907456e-01   0.0000000e+00
   1.1247847e+00   4.0096610e-01   1.0000000e+00
   8.4080975e-01  -1.5507821e-01   1.0000000e+00
  -5.6381847e-01  -1.4180630e+00   0.0000000e+00
  -2.4491787e+00  -4.4239951e+00   1.0000000e+00
  -1.8755049e+00  -4.5365793e+00   1.0000000e+00
  -1.3297249e+00  -1.7278897e+00   0.0000000e+00
  -1.0886719e+00  -9.0778933e-01   0.0000000e+00
  -1.1965364e+00  -1.1302268e+00   0.0000000e+00
  -1.6583314e+00  -1.7701004e+00   0.0000000e+00
  -8.0566625e-01  -1.8359782e+00   0.0000000e+00
  -8.3362285e-01  -9.0231834e-01   0.0000000e+00
   7.6778080e-01  -8.2770044e-01   1.0000000e+00
   1.3443053e+00  -3.0260335e-01   1.0000000e+00
  -8.3389913e-02  -1.2384516e+00   0.0000000e+00
   8.4861981e-01  -4.8364260e-01   1.0000000e+00
  -1.6007708e+00  -3.8896566e+00   1.0000000e+00
   7.7051747e-01  -2.1751992e-01   1.0000000e+00
   1.4555300e+00  -2.8848831e+00   0.0000000e+00
  -6.3595417e-01  -1.9152519e+00   0.0000000e+00
  -2.3270510e+00  -3.9344409e+00   1.0000000e+00
  -1.4141617e+00  -3.9876575e+00   1.0000000e+00
   9.7955575e-01  -1.7164777e-01   1.0000000e+00
  -9.1177332e-01  -1.0587885e+00   0.0000000e+00
   1.0848648e+00  -1.5524355e-01   1.0000000e+00
   1.2702122e+00  -3.6651136e-01   1.0000000e+00
  -2.1981553e+00  -3.9991570e+00   1.0000000e+00
   6.7262447e-01  -5.4599418e-01   1.0000000e+00
  -6.8534767e-01  -1.9065020e+00   0.0000000e+00
  -2.7874142e-01  -1.2785782e+00   0.0000000e+00
  -1.0812482e+00  -1.1039454e+00   0.0000000e+00
   1.2141546e+00  -4.4790783e-01   1.0000000e+00
  -3.9805271e-01  -8.5249536e-01   0.0000000e+00
  -2.2516169e+00  -4.4239934e+00   1.0000000e+00
   9.4445110e-01  -2.5614059e+00   0.0000000e+00
  -5.7451685e-01  -7.2739926e-01   0.0000000e+00
  -6.3299707e-02  -1.6299224e+00   0.0000000e+00
  -2.4876723e+00  -4.3138809e+00   1.0000000e+00
  -2.4396098e+00  -4.1807708e+00   1.0000000e+00
  -1.0640554e+00  -1.8819729e+00   0.0000000e+00
   1.2200809e+00   1.0471902e-02   1.0000000e+00
   1.5486096e+00  -7.8961191e-01   1.0000000e+00
   1.0168119e+00  -3.6138430e-01   1.0000000e+00
   2.0458102e+00   1.2874695e+00   1.0000000e+00
  -5.8462463e-01  -1.4558306e+00   0.0000000e+00
  -6.9653269e-01  -1.2423699e+00   0.0000000e+00
   1.0860150e+00  -1.9786062e-01   1.0000000e+00
   2.1677539e+00   1.9439865e+00   1.0000000e+00
  -2.5126086e+00  -4.3787022e+00   1.0000000e+00
   1.2585857e+00   1.4530930e+00   1.0000000e+00
  -5.9399525e-01  -7.1238968e-01   0.0000000e+00
  -1.2893724e+00  -9.3600752e-01   0.0000000e+00
   1.9921008e+00   2.3407246e+00   1.0000000e+00
  -2.0014294e+00  -4.0085467e+00   1.0000000e+00
   5.7548573e-01  -5.7999256e-01   1.0000000e+00
   1.4867139e+00  -1.8136898e+00   0.0000000e+00
   5.6882734e-01  -2.2305495e-01   1.0000000e+00
   1.2499800e+00  -2.7737797e-01   1.0000000e+00
   1.7128369e+00   2.2042696e+00   1.0000000e+00
   9.4672567e-01  -6.0534116e-01   1.0000000e+00
  -1.4914726e+00  -3.3008373e+00   1.0000000e+00
   2.0612840e+00   1.7471574e+00   1.0000000e+00
   1.7462491e+00  -2.2370406e+00   0.0000000e+00
   8.5857814e-01  -2.6006904e+00   0.0000000e+00
   1.3496550e+00  -1.8614959e-01   1.0000000e+00
  -4.8680339e-01  -1.2356423e+00   0.0000000e+00
   2.4231466e+00   1.6301656e+00   1.0000000e+00
   2.9345430e+00   2.2415549e+00   1.0000000e+00
  -1.9547181e+00  -4.2769281e+00   1.0000000e+00
   7.5340298e-01  -2.8796550e+00   0.0000000e+00
   2.9139024e+00   1.3745839e+00   1.0000000e+00
   9.8091153e-01  -2.6232744e+00   0.0000000e+00
   2.2066883e+00   1.9592204e+00   1.0000000e+00
  -1.1237510e+00  -8.9208426e-01   0.0000000e+00
  -7.1622657e-01  -7.7425453e-01   0.0000000e+00
  -1.8074091e+00  -3.8918576e+00   1.0000000e+00
  -8.8233736e-01  -6.6567955e-01   0.0000000e+00
  -2.8371109e-01  -3.2061246e-01   0.0000000e+00
   7.2290345e-01  -4.3224723e-01   1.0000000e+00
   1.9051895e+00  -2.6970418e-01   1.0000000e+00
   1.3900944e+00  -2.2666573e+00   0.0000000e+00
   1.1219814e+00  -5.0265910e-01   1.0000000e+00
   1.5735475e+00  -1.7852993e-01   1.0000000e+00
  -1.6626668e+00  -4.4434278e+00   1.0000000e+00
  -1.4432557e+00  -1.6849602e+00   0.0000000e+00
  -2.9923241e-01  -5.2985950e-01   0.0000000e+00
   8.8850378e-01  -9.0325512e-01   1.0000000e+00
   2.0394323e+00   1.4309121e+00   1.0000000e+00
  -3.0454062e+00  -3.7352044e+00   1.0000000e+00
   1.0471958e+00  -2.7164277e+00   0.0000000e+00
   1.0241153e+00  -4.2064184e-01   1.0000000e+00
  -4.3424230e-02  -1.7142095e+00   0.0000000e+00
  -9.9869516e-01  -9.1575768e-01   0.0000000e+00
   2.5405303e+00   1.6025029e+00   1.0000000e+00
   1.3763228e+00  -4.0486281e-01   1.0000000e+00
  -2.2253397e+00  -4.4552601e+00   1.0000000e+00
  -2.0045091e+00  -4.0497551e+00   1.0000000e+00
   1.2916105e+00  -5.3645988e-01   1.0000000e+00
  -4.5899331e-01  -5.6010785e-01   0.0000000e+00
   6.9479141e-01  -1.4534478e-01   1.0000000e+00
   2.3846963e+00   1.4785134e+00   1.0000000e+00
  -3.2380570e-01  -8.0428096e-01   0.0000000e+00
   2.5768251e+00   1.9744706e+00   1.0000000e+00
   2.5011322e+00   1.4549528e+00   1.0000000e+00
  -7.6598982e-01  -1.3492124e+00   0.0000000e+00
   1.5212460e+00   1.2096808e+00   1.0000000e+00
  -3.4789188e-01  -1.3271557e+00   0.0000000e+00
   9.7632180e-01  -2.1032477e+00   0.0000000e+00
   2.1374692e-01  -1.4623164e+00   0.0000000e+00
   2.4796043e+00   1.9522678e+00   1.0000000e+00
  -3.5074912e-01  -1.4657877e+00   0.0000000e+00
   4.1552147e-01  -6.3388824e-01   1.0000000e+00
   4.7259274e-01  -3.1543798e+00   0.0000000e+00
   9.0751980e-02  -9.6875192e-01   0.0000000e+00
  -7.5834660e-01  -2.1400052e+00   0.0000000e+00
   2.1516459e+00   1.5390634e+00   1.0000000e+00
  -5.1021289e-01  -1.2908352e+00   0.0000000e+00
   6.9595144e-01  -1.8065573e-01   1.0000000e+00
  -1.8868293e+00  -4.3182973e+00   1.0000000e+00
   1.9137116e+00   1.8006482e+00   1.0000000e+00
   5.9309080e-01  -6.0782830e-02   1.0000000e+00
   1.1367264e+00  -3.2436137e-01   1.0000000e+00
   1.8993044e+00   1.5304259e+00   1.0000000e+00
   9.6870666e-01  -2.1609190e-01   1.0000000e+00
  -7.2559398e-01  -8.6035438e-01   0.0000000e+00
  -2.6173597e+00  -3.9853021e+00   1.0000000e+00
  -5.1899544e-01  -9.4984331e-01   0.0000000e+00
  -7.5632834e-01  -1.0159735e+00   0.0000000e+00
  -9.2592752e-01  -8.0271247e-01   0.0000000e+00
   1.0141479e+00  -9.3487256e-02   1.0000000e+00
   5.3746622e-01  -4.0545754e-01   1.0000000e+00
   2.7784950e+00   1.8878075e+00   1.0000000e+00
  -2.5167835e+00  -4.1460634e+00   1.0000000e+00
  -6.9743123e-01  -9.8822703e-01   0.0000000e+00
   1.7170062e+00   6.7306371e-01   1.0000000e+00
  -1.0255273e+00  -1.6433958e+00   0.0000000e+00
  -1.2642554e+00  -1.2838227e+00   0.0000000e+00
   9.7718374e-01  -2.7711231e+00   0.0000000e+00
  -1.8465700e+00  -4.1245022e+00   1.0000000e+00
   1.7168270e+00   1.8121248e+00   1.0000000e+00
   1.4954704e+00  -4.0295783e-02   1.0000000e+00
  -8.0572528e-01  -9.9514292e-01   0.0000000e+00
  -6.7429309e-01  -1.7966756e+00   0.0000000e+00
   2.4188366e+00   2.4325972e+00   1.0000000e+00
   1.2158632e+00  -6.6087970e-01   1.0000000e+00
   3.1355733e+00   2.2274295e+00   1.0000000e+00
   1.1678849e+00   8.2721898e-02   1.0000000e+00
   2.2816407e+00   2.0589355e+00   1.0000000e+00
  -2.1188946e+00  -3.1438008e+00   1.0000000e+00
  -1.9484397e+00  -4.3257887e+00   1.0000000e+00
  -2.5011801e+00  -4.1645290e+00   1.0000000e+00
  -5.9959441e-01  -1.8273455e+00   0.0000000e+00
  -2.6918823e+00  -3.2666170e+00   1.0000000e+00
   1.0702960e+00  -2.6200040e+00   0.0000000e+00
  -8.8051290e-01  -6.1806167e-01   0.0000000e+00
   7.7013972e-01  -3.2911209e+00   0.0000000e+00
   1.4840068e+00  -5.2731415e-01   1.0000000e+00
  -1.4480756e-01  -4.5653498e-01   0.0000000e+00
   2.3331076e+00   1.6336642e+00   1.0000000e+00
  -5.9015352e-01  -4.0299558e-03   0.0000000e+00
   1.5794685e-01  -5.6245811e-01   0.0000000e+00
   6.1424731e-01  -9.4589619e-01   1.0000000e+00
   1.8270004e+00   1.7205566e+00   1.0000000e+00
   1.4031284e+00   2.1085463e-01   1.0000000e+00
  -8.8462661e-01  -7.9115200e-01   0.0000000e+00
  -2.7429872e-01  -1.8693105e+00   0.0000000e+00
   2.9443958e+00   1.9016590e+00   1.0000000e+00
  -1.0681949e+00  -1.8021126e+00   0.0000000e+00
  -6.2313040e-01  -9.5082471e-01   0.0000000e+00
   1.2667756e+00  -2.7170783e-01   1.0000000e+00
  -2.5757751e-01  -7.7886077e-01   0.0000000e+00
   2.2751417e+00   1.7518509e+00   1.0000000e+00
   1.1042356e+00  -2.4598318e+00   0.0000000e+00
   1.3053522e+00  -1.0279362e-01   1.0000000e+00
  -1.8821828e+00  -4.4939217e+00   1.0000000e+00
  -1.6827778e+00  -3.9158800e+00   1.0000000e+00
  -1.5551402e+00  -4.4510120e+00   1.0000000e+00
  -3.1587712e-01  -1.6165643e+00   0.0000000e+00
   2.3921996e+00   1.4199277e+00   1.0000000e+00
  -5.9452783e-01  -1.5546753e+00   0.0000000e+00
  -2.6907586e+00  -3.8169360e+00   1.0000000e+00
   7.8538893e-01  -4.5141368e-01   1.0000000e+00
   1.1860060e+00  -5.8943255e-01   1.0000000e+00
  -1.0465973e+00  -2.0132224e+00   0.0000000e+00
  -2.6334343e+00  -4.0477109e+00   1.0000000e+00
   6.7420533e-01  -1.3296582e+00   1.0000000e+00
   1.7891050e+00   1.5147737e+00   1.0000000e+00
   1.3999974e-01  -6.7550575e-01   0.0000000e+00
   7.8812580e-01  -1.3734077e-01   1.0000000e+00
  -2.9936178e-01  -1.5121505e+00   0.0000000e+00
   5.8924986e-01  -4.6156162e-01   1.0000000e+00
   7.6373214e-01  -2.6943239e+00   0.0000000e+00
   2.5696369e+00   1.6913837e+00   1.0000000e+00
  -5.7786978e-01  -1.8153211e+00   0.0000000e+00
   1.5502856e+00  -2.6462371e-01   1.0000000e+00
   2.3531101e+00   1.5459185e+00   1.0000000e+00
   7.9314322e-01  -2.0639372e-01   1.0000000e+00
  -7.7067933e-01  -1.3420876e+00   0.0000000e+00
  -1.0685509e+00  -9.1679165e-01   0.0000000e+00
  -2.6773954e+00  -3.9422164e+00   1.0000000e+00
  -2.1628916e+00  -4.2216114e+00   1.0000000e+00
  -4.7588604e-01  -5.1516730e-01   0.0000000e+00
  -1.2644662e+00  -1.0434728e+00   0.0000000e+00
  -8.5534365e-01  -6.5048743e-01   0.0000000e+00
  -6.4481476e-01  -4.6416476e-01   0.0000000e+00
   1.3452036e+00  -2.5383296e+00   0.0000000e+00
   9.4339126e-01  -7.5837409e-01   1.0000000e+00
  -7.7061980e-01  -1.7718508e+00   0.0000000e+00
   5.5387413e-01  -6.0808327e-01   1.0000000e+00
   1.0822772e+00   7.9396217e-02   1.0000000e+00
  -2.2597220e-01  -3.7615656e-01   0.0000000e+00
  -2.3656735e+00  -4.0591580e+00   1.0000000e+00
  -1.6171039e+00  -3.6056837e+00   1.0000000e+00
  -2.5875457e-01  -4.7490188e-01   0.0000000e+00
   8.9220295e-02  -1.7590833e+00   0.0000000e+00
   1.7735411e+00   1.9595575e+00   1.0000000e+00
  -9.0849003e-01  -1.5199315e+00   0.0000000e+00
   2.3853622e+00   2.6852942e+00   1.0000000e+00
  -4.0242888e-01  -1.6639295e+00   0.0000000e+00
  -3.6494509e-01  -2.8215708e-01   0.0000000e+00
   1.9445821e+00   1.1716375e+00   1.0000000e+00
  -5.0020168e-01  -9.2981142e-01   0.0000000e+00
  -8.5123500e-01  -5.2246652e-01   0.0000000e+00
  -2.7356627e+00  -4.9207106e+00   1.0000000e+00
  -2.1393589e-01  -3.0840703e-01   0.0000000e+00
   2.2703496e+00   1.7631851e+00   1.0000000e+00
   2.0227098e+00   1.1378890e+00   1.0000000e+00
  -2.0860337e-01  -3.2123315e-01   1.0000000e+00
   4.4994875e-01  -2.5668538e+00   0.0000000e+00
  -5.4197133e-01  -6.3585129e-01   0.0000000e+00
  -2.8287181e+00  -4.7124857e+00   1.0000000e+00
  -1.3436189e-01  -6.9826257e-01   0.0000000e+00
  -2.0551035e+00  -3.9839077e+00   1.0000000e+00
  -7.1158868e-01  -6.4741644e-01   0.0000000e+00
  -1.7098556e+00  -4.3197859e+00   1.0000000e+00
  -4.9748180e-01  -1.1740639e+00   0.0000000e+00
  -2.4477594e+00  -4.2444356e+00   1.0000000e+00
   1.2930114e+00  -2.2685777e+00   0.0000000e+00
   5.6446361e-01  -7.8110667e-01   1.0000000e+00
   3.5100773e-01  -1.1107441e+00   1.0000000e+00
   6.4839488e-01  -5.4136395e-01   1.0000000e+00
   1.0482502e+00  -2.2235472e-01   1.0000000e+00
   2.2133028e+00   2.1965194e+00   1.0000000e+00
  -2.6475088e+00  -4.6562485e+00   1.0000000e+00
   1.8604031e+00   2.1872047e+00   1.0000000e+00
  -4.9271076e-01  -1.3013350e+00   0.0000000e+00
  -8.3280196e-01  -4.4825613e-01   0.0000000e+00
  -5.5795989e-01  -2.0516208e+00   0.0000000e+00
   1.4555640e+00  -2.2963506e+00   0.0000000e+00
   7.9933463e-01  -2.8458481e+00   0.0000000e+00
   1.0549455e+00   9.6498920e-03   1.0000000e+00
   1.9581000e+00  -1.0082596e-01   1.0000000e+00
  -9.4928892e-01  -7.7073534e-01   0.0000000e+00
   7.9573251e-01  -6.9014910e-01   1.0000000e+00
  -2.2170929e+00  -4.4333486e+00   1.0000000e+00
  -2.7617248e+00  -4.2990892e+00   1.0000000e+00
  -9.4721830e-01  -1.8858465e+00   0.0000000e+00
  -2.1508061e+00  -4.3697585e+00   1.0000000e+00
   1.9784902e+00   1.0489040e+00   1.0000000e+00
  -5.8049722e-01  -1.0023190e+00   0.0000000e+00
  -1.0329459e+00  -1.9162276e+00   0.0000000e+00
  -1.8508227e+00  -4.3987178e+00   1.0000000e+00
   2.6594753e+00   2.5003557e+00   1.0000000e+00
   1.0394802e+00  -1.9468682e-01   1.0000000e+00
  -3.4035581e-01  -7.8624655e-01   0.0000000e+00
   2.8946699e+00   1.3951099e+00   1.0000000e+00
   3.6719383e-01  -7.8119390e-01   1.0000000e+00
  -4.3539369e-01  -1.3791823e+00   0.0000000e+00
   8.4798419e-01  -6.2984931e-01   1.0000000e+00
  -2.0691313e+00  -4.2636427e+00   1.0000000e+00
  -7.3310513e-02  -7.5587353e-01   0.0000000e+00
   1.7350035e+00   1.7248276e+00   1.0000000e+00
   2.1075220e-01  -1.2624309e+00   0.0000000e+00
   3.2954382e+00   2.2723565e+00   1.0000000e+00
  -7.2368569e-01  -5.0531588e-01   0.0000000e+00
  -7.5854274e-01  -1.5991279e+00   0.0000000e+00
  -2.8756910e+00  -4.4852517e+00   1.0000000e+00
   5.0445862e-01  -5.9276059e-01   1.0000000e+00
   2.8754246e+00   1.8554632e+00   1.0000000e+00
  -2.3118057e+00  -3.6906510e+00   1.0000000e+00
   2.4256860e+00   2.5997476e+00   1.0000000e+00
   1.0441224e+00  -6.8050139e-01   1.0000000e+00
  -1.1000616e+00  -1.8307457e+00   0.0000000e+00
  -2.2760283e+00  -4.4647116e+00   1.0000000e+00
  -8.2193318e-01  -1.9812981e+00   0.0000000e+00
   2.2528850e+00   2.7471621e+00   1.0000000e+00
  -8.4342026e-01  -1.6537043e+00   0.0000000e+00
   1.9265687e+00   1.7185321e+00   1.0000000e+00
  -6.7509144e-01  -1.2140551e+00   0.0000000e+00
  -3.9601016e-01  -1.4094251e+00   0.0000000e+00
   2.4566026e+00   1.0243054e+00   1.0000000e+00
   1.4661182e+00  -3.0272335e-01   1.0000000e+00
  -6.7656317e-01  -1.5560708e+00   0.0000000e+00
   1.1189349e+00  -2.6361968e+00   0.0000000e+00
   1.8980875e+00   1.5253289e+00   1.0000000e+00
  -7.1067605e-01  -6.5498323e-01   0.0000000e+00
  -1.4227426e+00  -3.4790277e+00   1.0000000e+00
  -8.3217911e-01  -1.4187599e+00   0.0000000e+00
  -7.7444182e-01  -1.4327788e+00   0.0000000e+00
   1.2279859e+00  -5.4383698e-01   1.0000000e+00
  -1.3465029e+00  -2.3375288e+00   0.0000000e+00
   1.2799413e+00  -2.4753945e+00   0.0000000e+00
  -1.8075331e+00  -4.2322402e+00   1.0000000e+00
  -1.0025306e+00  -1.6822502e+00   0.0000000e+00
  -9.7487257e-01  -6.5127928e-01   0.0000000e+00
   8.0337588e-01  -4.2367434e-01   1.0000000e+00
   3.9416491e-01  -5.5148405e-01   1.0000000e+00
   1.9682935e+00   1.3536114e+00   1.0000000e+00
  -1.2786162e+00  -1.8987202e+00   0.0000000e+00
  -1.0395273e+00  -2.4221240e+00   0.0000000e+00
  -1.2193790e+00  -2.2082107e+00   0.0000000e+00
   2.5468347e+00   1.4664021e+00   1.0000000e+00
  -2.1948127e+00  -4.6141857e+00   1.0000000e+00
   1.7142037e+00  -3.0318712e-01   1.0000000e+00
   1.9584611e+00  -2.9004070e-01   1.0000000e+00
   1.2665464e+00   1.3897276e-01   1.0000000e+00
  -2.3051335e-01  -6.6757580e-01   0.0000000e+00
  -1.6655353e+00  -4.3051210e+00   1.0000000e+00
   7.4713446e-01  -1.4959540e-01   1.0000000e+00
  -2.5107207e+00  -3.8382146e+00   1.0000000e+00
   1.6375617e+00  -1.6805003e-01   1.0000000e+00
   7.6108845e-01  -8.0544551e-01   1.0000000e+00
  -9.6778229e-01  -1.7957495e+00   0.0000000e+00
  -2.2477124e+00  -3.7820735e+00   1.0000000e+00
   8.0780765e-01  -3.0757095e+00   0.0000000e+00
  -8.3040185e-01  -9.1482040e-01   0.0000000e+00
  -9.4477298e-01  -7.9905692e-01   0.0000000e+00
  -6.9219169e-01  -1.3295249e+00   0.0000000e+00
  -1.1702726e+00  -1.8058747e+00   0.0000000e+00
   1.0409996e+00  -2.9484591e+00   0.0000000e+00
   8.0153275e-01  -8.4869205e-01   1.0000000e+00
  -6.2206028e-01  -1.5156828e+00   0.0000000e+00
  -3.2256683e-02  -6.1706170e-01   0.0000000e+00
   1.2488823e+00  -2.7135760e+00   0.0000000e+00
  -1.6095933e+00  -4.0423392e+00   1.0000000e+00
  -1.5731867e+00  -3.9978071e+00   1.0000000e+00
  -5.7228467e-01  -1.9190415e+00   0.0000000e+00
   1.3537354e+00  -8.5921755e-01   1.0000000e+00
  -1.8540126e+00  -3.8994826e+00   1.0000000e+00
  -1.2414977e+00  -2.5084152e+00   0.0000000e+00
  -5.8050529e-01  -1.2024019e+00   0.0000000e+00
  -1.5329057e-01  -1.4774810e+00   0.0000000e+00
  -1.3995099e+00  -2.1113723e+00   0.0000000e+00
  -5.3390649e-01  -7.0219288e-01   0.0000000e+00
   2.3342252e+00   1.3000385e+00   1.0000000e+00
  -1.0829140e+00  -5.4815221e-01   0.0000000e+00
   7.2784713e-01   4.7921789e-01   1.0000000e+00
  -6.4441717e-01  -8.0877485e-01   0.0000000e+00
  -5.3138635e-01  -2.6582560e-01   0.0000000e+00
  -6.9961510e-01  -1.2072680e+00   0.0000000e+00
  -1.1158738e+00  -1.0938861e+00   0.0000000e+00
   8.1964919e-01  -2.6794422e+00   0.0000000e+00
  -8.1764311e-01  -1.7827636e+00   0.0000000e+00
  -1.1306838e+00  -6.6998580e-01   0.0000000e+00
   1.6074934e+00  -1.9645507e+00   0.0000000e+00
  -8.8447828e-01  -9.4089218e-01   0.0000000e+00
   3.6245652e-01  -1.0234870e-01   1.0000000e+00
   1.3214285e+00  -1.6080030e-01   1.0000000e+00
  -1.0957493e+00  -1.2830528e+00   0.0000000e+00
  -1.9902271e+00  -4.6044089e+00   1.0000000e+00
  -7.9734844e-01  -1.3058338e+00   0.0000000e+00
   1.2209379e+00  -5.6861688e-01   1.0000000e+00
  -2.3731350e+00  -4.3350322e+00   1.0000000e+00
  -9.3221319e-01  -8.6451699e-01   0.0000000e+00
   1.0779396e+00  -6.4825510e-01   1.0000000e+00
  -6.2066557e-01  -8.5693537e-01   0.0000000e+00
   2.6030224e+00   1.7911728e+00   1.0000000e+00
   1.3755111e+00  -5.9198751e-02   1.0000000e+00
  -1.9035183e+00  -4.7228451e+00   1.0000000e+00
   1.7008921e+00   3.2032976e-01   1.0000000e+00
   1.4098162e+00  -7.6336583e-01   1.0000000e+00
   8.4737685e-01  -4.6783532e-01   1.0000000e+00
   1.4617061e+00  -2.4433925e-01   1.0000000e+00
   1.0480149e+00  -9.2149382e-01   1.0000000e+00
   9.7065343e-01  -3.7189460e-02   1.0000000e+00
  -1.1175350e+00  -7.6798745e-01   0.0000000e+00
   2.5576610e+00   2.5472712e+00   1.0000000e+00
  -2.4606339e+00  -4.2960843e+00   1.0000000e+00
  -3.7837751e-01  -4.9931124e-01   0.0000000e+00
  -1.9052063e+00  -3.7971596e+00   1.0000000e+00
  -2.0197636e+00  -3.8812161e+00   1.0000000e+00
  -1.6642681e+00  -3.3369284e+00   1.0000000e+00
