   2.3539936e+00   1.3377171e+00  -1.0000000e+00
   2.3501942e+00   1.8645459e+00  -1.0000000e+00
   1.9315325e+00   1.7891962e+00  -1.0000000e+00
   3.8896502e-01  -1.1533361e+00   1.0000000e+00
   3.0925402e+00   2.2052895e+00  -1.0000000e+00
   2.2467581e+00   2.0511126e+00  -1.0000000e+00
   2.4822088e+00   1.7845992e+00  -1.0000000e+00
   1.9719722e+00   1.6437758e+00  -1.0000000e+00
   4.0442685e-01  -1.2509204e+00   1.0000000e+00
   1.8217559e+00   2.1309580e+00  -1.0000000e+00
   2.4350679e+00   1.8731820e+00  -1.0000000e+00
   2.4970450e+00   1.5672466e+00  -1.0000000e+00
   3.0803776e-02  -1.5052940e+00   1.0000000e+00
   2.9092380e+00   2.0921802e+00  -1.0000000e+00
   2.0055681e+00   1.9774947e+00  -1.0000000e+00
  -5.6781554e-02  -1.2741128e+00   1.0000000e+00
   1.5291789e+00   1.6863915e+00  -1.0000000e+00
   2.8791759e+00   2.2963317e+00  -1.0000000e+00
   8.4691232e-01  -3.1751354e-01   1.0000000e+00
   2.8248690e-01  -1.0425911e+00   1.0000000e+00
   2.3170607e+00   2.0454692e+00  -1.0000000e+00
   7.9530399e-01  -1.3944175e+00   1.0000000e+00
  -9.0506605e-02  -1.6650566e+00   1.0000000e+00
   1.7399902e+00   1.7914053e+00  -1.0000000e+00
   1.9747859e+00   1.8916726e+00  -1.0000000e+00
   1.9156811e+00   2.0415724e+00  -1.0000000e+00
   2.6163706e+00   1.8895725e+00  -1.0000000e+00
   2.3471826e+00   1.6395782e+00  -1.0000000e+00
   8.1855802e-02  -1.3856188e+00   1.0000000e+00
   7.2517060e-01  -1.7639301e+00   1.0000000e+00
   2.2795234e+00   1.9154964e+00  -1.0000000e+00
   9.8840914e-01  -3.9809475e-01   1.0000000e+00
   2.3004238e+00   2.0111398e+00  -1.0000000e+00
  -4.4750710e-02  -1.2418427e+00   1.0000000e+00
   3.0639823e-01  -1.6939553e+00   1.0000000e+00
   1.9146586e+00   2.0578494e+00  -1.0000000e+00
   8.2920881e-01  -1.0885131e+00   1.0000000e+00
   2.5822549e+00   2.0151329e+00  -1.0000000e+00
   7.0271733e-01  -1.7176855e+00   1.0000000e+00
   2.2969214e+00   1.8218731e+00  -1.0000000e+00
   2.1402171e+00   2.1299737e+00  -1.0000000e+00
   2.1157531e+00   1.8969401e+00  -1.0000000e+00
  -1.1000052e-01  -1.1101042e+00   1.0000000e+00
   2.2186081e+00   2.2130710e+00  -1.0000000e+00
   1.8432018e+00   1.8511828e+00  -1.0000000e+00
   9.0839322e-01  -1.1880258e+00   1.0000000e+00
   2.4857376e+00   2.0038902e+00  -1.0000000e+00
   5.7056931e-01  -1.1736906e+00   1.0000000e+00
   4.3444376e-01  -1.0794289e+00   1.0000000e+00
   2.7334384e+00   2.0248956e+00  -1.0000000e+00
   3.0925408e+00   1.8285659e+00  -1.0000000e+00
   2.3225265e+00   1.6759029e+00  -1.0000000e+00
   1.8017435e+00   1.5628763e+00  -1.0000000e+00
   3.0496836e-01  -9.1750562e-01   1.0000000e+00
  -1.0132552e-01  -1.6443423e+00   1.0000000e+00
   2.4102401e-01  -1.8247665e+00   1.0000000e+00
   2.1786018e-01  -1.3047579e+00   1.0000000e+00
   2.4116854e+00   2.5652824e+00  -1.0000000e+00
   1.1148033e+00  -1.3912143e+00   1.0000000e+00
   1.7878733e+00   1.8048530e+00  -1.0000000e+00
   2.0290210e+00   2.2188235e+00  -1.0000000e+00
   1.9658902e+00   2.0163523e+00  -1.0000000e+00
   4.2557098e-01  -1.0569988e+00   1.0000000e+00
   2.0133656e+00   2.5111997e+00  -1.0000000e+00
   1.1072322e-01  -2.0017007e+00   1.0000000e+00
   3.8394705e-01  -8.9886648e-01   1.0000000e+00
   1.1795692e-01  -1.1679724e+00   1.0000000e+00
   2.4152735e+00   2.2901914e+00  -1.0000000e+00
   1.0034895e+00  -1.5260000e+00   1.0000000e+00
   1.6670021e+00   1.4510399e+00  -1.0000000e+00
   2.4322179e+00   1.8902133e+00  -1.0000000e+00
   2.5755246e+00   2.3101901e+00  -1.0000000e+00
   2.6239485e+00   2.1256452e+00  -1.0000000e+00
   2.3619469e+00   2.7099912e+00  -1.0000000e+00
   5.3308612e-01  -1.3199894e+00   1.0000000e+00
   2.4347294e+00   1.9805239e+00  -1.0000000e+00
   2.7822224e+00   1.5650182e+00  -1.0000000e+00
   2.2512812e+00   2.1027748e+00  -1.0000000e+00
   4.1535044e-01  -9.0017542e-01   1.0000000e+00
   2.0573343e+00   1.6288241e+00  -1.0000000e+00
   9.3015138e-01  -1.7913880e-01   1.0000000e+00
   2.8928052e+00   2.1015420e+00  -1.0000000e+00
   1.2990200e+00   2.1200885e+00  -1.0000000e+00
   2.0418125e+00   2.0180481e+00  -1.0000000e+00
   3.1689585e+00   2.2360811e+00  -1.0000000e+00
   2.8143739e-01  -1.3864499e+00   1.0000000e+00
   1.9973332e+00   1.8468360e+00  -1.0000000e+00
   1.9665011e+00   1.8571291e+00  -1.0000000e+00
   1.7095898e+00   1.8207456e+00  -1.0000000e+00
   2.2921918e+00   1.0680495e+00  -1.0000000e+00
   1.4024390e+00   1.9201721e+00  -1.0000000e+00
   3.9412611e-01  -6.9515853e-01   1.0000000e+00
   1.9600857e+00   2.2213444e+00  -1.0000000e+00
   2.3187954e+00   1.5559873e+00  -1.0000000e+00
   2.0795759e+00   1.4370001e+00  -1.0000000e+00
   4.6753874e-02  -1.6324988e+00   1.0000000e+00
   2.4878550e+00   2.2060010e+00  -1.0000000e+00
   1.0908281e-01  -1.2081733e+00   1.0000000e+00
   9.0120445e-01  -1.1995763e+00   1.0000000e+00
   2.1306393e+00   1.4516468e+00  -1.0000000e+00
   6.3379211e-01  -1.0454185e+00   1.0000000e+00
   3.1444672e-01  -1.4360577e+00   1.0000000e+00
   2.3340753e+00   1.4362305e+00  -1.0000000e+00
   8.4253722e-01  -1.6794818e+00   1.0000000e+00
   3.0886084e-01  -1.3496998e+00   1.0000000e+00
   1.7540384e+00   2.1162707e+00  -1.0000000e+00
   2.2317291e+00   1.7457889e+00  -1.0000000e+00
   1.6798743e+00   2.2483374e+00  -1.0000000e+00
   4.6387533e-01  -1.0432130e+00   1.0000000e+00
  -2.4601422e-01  -1.5581384e+00   1.0000000e+00
   2.4037069e+00   1.5743454e+00  -1.0000000e+00
   4.8347366e-01  -1.2793478e+00   1.0000000e+00
  -1.8457048e-01  -1.1953841e+00   1.0000000e+00
   2.0282644e+00   1.7187740e+00  -1.0000000e+00
   2.4710966e+00   2.0807574e+00  -1.0000000e+00
   2.0286714e+00   2.0930172e+00  -1.0000000e+00
   2.3607666e+00   2.1317925e+00  -1.0000000e+00
   2.6230240e+00   2.0943631e+00  -1.0000000e+00
   1.4056406e+00   1.7204611e+00  -1.0000000e+00
   1.4227787e+00   1.6114721e+00  -1.0000000e+00
   1.5175509e+00   1.9707588e+00  -1.0000000e+00
  -3.2014303e-03  -1.1040343e+00   1.0000000e+00
   6.1629393e-01  -1.4626540e+00   1.0000000e+00
   2.4985029e+00   1.8840358e+00  -1.0000000e+00
   2.3871473e+00   2.1221634e+00  -1.0000000e+00
   2.0054125e+00   2.2615586e+00  -1.0000000e+00
   2.6100880e+00   1.3070455e+00  -1.0000000e+00
   2.3885049e+00   2.5670601e+00  -1.0000000e+00
   1.5283391e+00   1.6151579e+00  -1.0000000e+00
   4.3075854e-01  -1.3228954e+00   1.0000000e+00
   1.8992010e+00   2.3143049e+00  -1.0000000e+00
   6.6032241e-02  -9.6173095e-01   1.0000000e+00
   1.7741800e+00   2.3654188e+00  -1.0000000e+00
   2.4572280e+00   1.5280328e+00  -1.0000000e+00
   1.9753088e+00   1.9628241e+00  -1.0000000e+00
   2.0040308e+00   3.0260614e+00  -1.0000000e+00
   1.9547263e+00   1.8328931e+00  -1.0000000e+00
   1.9070550e+00   2.0489180e+00  -1.0000000e+00
   2.5551318e+00   2.1258949e+00  -1.0000000e+00
   1.9961250e-01  -1.1412533e+00   1.0000000e+00
   3.1039341e-01  -1.7641551e+00   1.0000000e+00
   5.2527345e-01  -6.0342652e-01   1.0000000e+00
   2.4800872e+00   2.4124734e+00  -1.0000000e+00
   2.3981453e+00   2.3393878e+00  -1.0000000e+00
   2.2866012e+00   1.6625965e+00  -1.0000000e+00
   2.1798334e+00   1.8050044e+00  -1.0000000e+00
  -3.6304469e-01  -1.6255332e+00   1.0000000e+00
   1.8521899e+00   1.9921728e+00  -1.0000000e+00
   2.4037101e+00   1.9710678e+00  -1.0000000e+00
  -1.8163213e-01  -1.6185701e+00   1.0000000e+00
  -4.4953340e-01  -1.9546404e+00   1.0000000e+00
   2.0697961e+00   2.7395082e+00  -1.0000000e+00
   2.8585799e-01  -1.2925306e+00   1.0000000e+00
   1.8114213e+00   2.0148691e+00  -1.0000000e+00
   1.8104808e+00   2.0143223e+00  -1.0000000e+00
  -3.2610246e-01  -1.4197871e+00   1.0000000e+00
   2.4721933e+00   1.7339234e+00  -1.0000000e+00
   2.4797999e+00   1.5843506e+00  -1.0000000e+00
   5.5675031e-01  -1.3170741e+00   1.0000000e+00
  -1.1834307e-01  -1.6594365e+00   1.0000000e+00
   1.5702766e+00   2.0819377e+00  -1.0000000e+00
  -2.2060645e-01  -1.9972859e+00   1.0000000e+00
   1.2242911e+00   1.0897444e-01   1.0000000e+00
   1.2432004e+00  -4.6911899e-01   1.0000000e+00
   2.1236502e+00   1.8715637e+00  -1.0000000e+00
   2.3446925e+00   2.1870074e+00  -1.0000000e+00
   1.8945273e+00   1.6227675e+00  -1.0000000e+00
   2.5624342e+00   2.3090111e+00  -1.0000000e+00
   2.1572264e+00   1.3584784e+00  -1.0000000e+00
   2.2567744e+00   2.4647990e+00  -1.0000000e+00
  -1.1260869e-02  -1.4516337e+00   1.0000000e+00
   2.0436180e+00   2.1914877e+00  -1.0000000e+00
   2.4695058e+00   2.0381518e+00  -1.0000000e+00
   2.4395324e+00   1.6235354e+00  -1.0000000e+00
   2.3495155e+00   1.8514117e+00  -1.0000000e+00
   2.9861177e-01  -1.2918434e+00   1.0000000e+00
   2.1223857e+00   2.0165049e+00  -1.0000000e+00
   2.6488019e+00   2.4261924e+00  -1.0000000e+00
   1.0790536e+00  -9.4370840e-01   1.0000000e+00
   1.7632383e+00   1.5320809e+00  -1.0000000e+00
   1.1975759e-01  -1.2902507e+00   1.0000000e+00
   9.1454727e-01  -1.3364755e+00   1.0000000e+00
   2.3521276e+00   2.3961694e+00  -1.0000000e+00
   2.9539218e+00   2.9876496e+00  -1.0000000e+00
   6.9969115e-01  -8.0277471e-01   1.0000000e+00
   2.5227914e-01  -1.6957875e+00   1.0000000e+00
   2.0845891e+00   1.7680702e+00  -1.0000000e+00
   3.4462236e-01  -4.8413969e-01   1.0000000e+00
   1.9028217e+00   2.0424566e+00  -1.0000000e+00
   8.1140981e-01  -1.8177248e+00   1.0000000e+00
   2.9055111e+00   1.8767963e+00  -1.0000000e+00
   1.9687589e+00   1.3525993e+00  -1.0000000e+00
   2.4816402e+00   2.4779248e+00  -1.0000000e+00
   5.6010817e-01  -1.3165991e+00   1.0000000e+00
   1.5517652e-01  -9.4203754e-01   1.0000000e+00
   4.7664668e-01  -1.1644009e+00   1.0000000e+00
  -1.2330297e-01  -1.9159790e+00   1.0000000e+00
   1.9357806e+00   2.1213759e+00  -1.0000000e+00
   4.4948594e-01  -8.6059199e-01   1.0000000e+00
   2.2698759e+00   1.7994278e+00  -1.0000000e+00
   9.0344652e-01  -1.0563341e+00   1.0000000e+00
   4.5477495e-01  -1.5281666e+00   1.0000000e+00
   7.1045017e-02  -1.1404571e+00   1.0000000e+00
   2.3877164e+00   2.0231707e+00  -1.0000000e+00
   2.1807961e+00   1.8722934e+00  -1.0000000e+00
   5.1036593e-01  -9.1146652e-01   1.0000000e+00
   2.3448658e-01  -4.2003067e-01   1.0000000e+00
   1.0642685e+00  -1.1211677e+00   1.0000000e+00
  -3.6817389e-01  -1.5024599e+00   1.0000000e+00
   2.2121366e+00   1.4823328e+00  -1.0000000e+00
   2.4466202e+00   1.0714973e+00  -1.0000000e+00
   3.6596554e-02  -1.4976238e+00   1.0000000e+00
   1.6444457e+00   1.8258636e+00  -1.0000000e+00
   4.5605832e-01  -1.9562319e+00   1.0000000e+00
   2.2415151e+00   1.8093803e+00  -1.0000000e+00
   1.3746097e+00   1.6028636e+00  -1.0000000e+00
   5.7784477e-02  -1.0979595e+00   1.0000000e+00
   2.1429642e+00   1.6667696e+00  -1.0000000e+00
   2.8117059e+00   1.4854687e+00  -1.0000000e+00
   2.5243335e+00   1.8457218e+00  -1.0000000e+00
   2.2062464e+00   2.0030744e+00  -1.0000000e+00
   1.9832154e+00   1.5660794e+00  -1.0000000e+00
   2.4374379e+00   2.1412993e+00  -1.0000000e+00
   2.5886044e+00   1.9383498e+00  -1.0000000e+00
   2.1945939e+00   1.9162652e+00  -1.0000000e+00
   2.7180551e+00   1.5919197e+00  -1.0000000e+00
   1.8193916e+00   1.6296136e+00  -1.0000000e+00
   1.4475531e+00   1.9344306e+00  -1.0000000e+00
   1.8438715e+00   1.6262021e+00  -1.0000000e+00
   2.1311083e+00   1.9884215e+00  -1.0000000e+00
   1.6603952e-01  -2.0668681e+00   1.0000000e+00
   2.2023258e+00   2.5863531e+00  -1.0000000e+00
   5.4333095e-01  -1.2995603e+00   1.0000000e+00
   7.6701213e-01  -1.2540723e+00   1.0000000e+00
   4.3665516e-02  -9.7628125e-01   1.0000000e+00
   3.9743460e-02  -2.3696966e+00   1.0000000e+00
   1.9264241e+00   2.1520591e+00  -1.0000000e+00
   2.7983713e+00   2.4006934e+00  -1.0000000e+00
   1.7457903e+00   2.6198905e+00  -1.0000000e+00
   2.0944088e+00   2.3071853e+00  -1.0000000e+00
   2.1861368e-01  -9.1105503e-01   1.0000000e+00
   2.3804035e-01  -1.4604205e+00   1.0000000e+00
   1.8483735e+00   2.0089550e+00  -1.0000000e+00
   2.1606944e+00   2.5696281e+00  -1.0000000e+00
   3.5672388e-01  -1.7331839e+00   1.0000000e+00
   1.8671372e+00   1.5938723e+00  -1.0000000e+00
   2.3312792e+00   1.7563273e+00  -1.0000000e+00
   1.9443442e+00   2.5488069e+00  -1.0000000e+00
   1.9107722e+00   2.0393767e+00  -1.0000000e+00
   9.0918633e-02  -1.2950566e+00   1.0000000e+00
   6.3710743e-01  -1.0858816e+00   1.0000000e+00
   4.4650758e-01  -1.3795568e+00   1.0000000e+00
   2.2328833e+00   1.9428479e+00  -1.0000000e+00
   2.6551170e+00   2.1864043e+00  -1.0000000e+00
   1.4519118e+00   1.7184834e+00  -1.0000000e+00
   3.0050131e-02  -1.8704805e+00   1.0000000e+00
   2.8773334e+00   1.9887352e+00  -1.0000000e+00
   5.1911911e-01  -7.3621998e-01   1.0000000e+00
   7.0266943e-01  -1.0858296e+00   1.0000000e+00
   6.3464738e-01  -1.4484690e+00   1.0000000e+00
   1.8238626e+00   1.7519022e+00  -1.0000000e+00
   2.4072459e+00   1.8124141e+00  -1.0000000e+00
   2.5344005e+00   1.7120094e+00  -1.0000000e+00
   2.7088882e+00   2.0303798e+00  -1.0000000e+00
   1.9505171e+00   1.7162997e+00  -1.0000000e+00
   2.3164262e+00   2.4363474e+00  -1.0000000e+00
   2.1511918e+00   2.0161129e+00  -1.0000000e+00
   6.6563746e-01  -7.0128322e-01   1.0000000e+00
   3.2625035e-01  -1.1003469e+00   1.0000000e+00
   2.0381503e+00   2.2466443e+00  -1.0000000e+00
   2.2920429e+00   1.9230139e+00  -1.0000000e+00
  -8.9217369e-03  -1.8009935e+00   1.0000000e+00
   2.3304632e+00   1.9492780e+00  -1.0000000e+00
   4.5368458e-01  -9.7552760e-01   1.0000000e+00
   6.6374357e-03  -2.0009901e+00   1.0000000e+00
   2.1552454e+00   2.3457408e+00  -1.0000000e+00
   2.3606756e+00   2.4535927e+00  -1.0000000e+00
   3.2435594e+00   2.1649425e+00  -1.0000000e+00
   1.1462057e-01  -1.6940225e+00   1.0000000e+00
   6.7698387e-01  -1.1089186e+00   1.0000000e+00
   8.9148442e-01  -9.6336598e-01   1.0000000e+00
   2.3231491e+00   2.5182467e+00  -1.0000000e+00
   5.4836560e-01  -1.1674343e+00   1.0000000e+00
   2.5104820e+00   2.1637204e+00  -1.0000000e+00
   2.0441061e+00   2.0379020e+00  -1.0000000e+00
   9.3181124e-01  -1.8575490e+00   1.0000000e+00
  -1.8214052e-01  -1.0343956e+00   1.0000000e+00
   2.1581111e+00   2.6465308e+00  -1.0000000e+00
   4.2938964e-01  -7.3396065e-01   1.0000000e+00
   4.4891435e-01  -7.6617273e-01   1.0000000e+00
   2.1790248e+00   2.4396030e+00  -1.0000000e+00
   2.4865666e+00   2.2977858e+00  -1.0000000e+00
   1.9142561e+00   2.0233127e+00  -1.0000000e+00
   1.4315449e+00   1.6263187e+00  -1.0000000e+00
   2.2085714e+00   1.9145784e+00  -1.0000000e+00
   8.7629082e-01  -1.3445860e+00   1.0000000e+00
   2.1655292e+00   2.5290180e+00  -1.0000000e+00
   2.1513010e+00   1.2904333e+00  -1.0000000e+00
   2.1809094e+00   1.7413987e+00  -1.0000000e+00
   4.7660472e-01  -1.3614998e+00   1.0000000e+00
   2.4669835e+00   1.9415341e+00  -1.0000000e+00
   2.5598254e+00   2.0680998e+00  -1.0000000e+00
   1.2087146e-01  -1.6771360e+00   1.0000000e+00
   1.5422351e+00   1.2475367e+00  -1.0000000e+00
   1.6415023e+00   2.0106597e+00  -1.0000000e+00
   2.4487133e+00   2.2332909e+00  -1.0000000e+00
   2.2443531e+00   1.6563519e+00  -1.0000000e+00
   1.8098733e+00   1.7901606e+00  -1.0000000e+00
   2.5871334e+00   1.6355846e+00  -1.0000000e+00
   5.4707907e-01  -1.0985051e+00   1.0000000e+00
   5.8000899e-01  -1.0907750e+00   1.0000000e+00
   3.2843649e-01  -1.5383563e+00   1.0000000e+00
   2.3338032e+00   2.4984926e+00  -1.0000000e+00
  -3.5929184e-01  -1.0331801e+00   1.0000000e+00
   2.2734515e+00   2.0844268e+00  -1.0000000e+00
   2.2844157e+00   1.8858105e+00  -1.0000000e+00
   7.6875404e-01  -8.1964186e-01   1.0000000e+00
   2.4204003e+00   1.6955547e+00  -1.0000000e+00
  -9.2392879e-01  -1.2541076e+00   1.0000000e+00
   3.0268568e-01  -1.5368862e+00   1.0000000e+00
  -3.6049803e-01  -1.9029699e+00   1.0000000e+00
   2.7996960e+00   2.0991318e+00  -1.0000000e+00
   2.4095008e-01  -1.0086870e+00   1.0000000e+00
   2.2231361e+00   2.4960207e+00  -1.0000000e+00
   1.5415660e+00   1.9094781e+00  -1.0000000e+00
   2.6195437e+00   2.1457151e+00  -1.0000000e+00
   1.7423254e+00   1.4743427e+00  -1.0000000e+00
   9.5518937e-01  -5.5091433e-01   1.0000000e+00
   2.6951568e+00   2.1003482e+00  -1.0000000e+00
   2.0257045e+00   2.1653629e+00  -1.0000000e+00
   2.8908300e-02  -1.8016689e+00   1.0000000e+00
   8.5954614e-01  -1.9788513e+00   1.0000000e+00
   7.2391250e-01  -6.0429294e-01   1.0000000e+00
   2.6735433e+00   1.5985284e+00  -1.0000000e+00
   2.2500897e-01  -1.2869804e+00   1.0000000e+00
   7.8653452e-02  -8.4075110e-01   1.0000000e+00
   1.9680761e+00   2.2672908e+00  -1.0000000e+00
   1.9506117e+00   2.6938055e+00  -1.0000000e+00
   2.4512192e+00   1.4982369e+00  -1.0000000e+00
   1.5059825e+00   1.1495178e+00  -1.0000000e+00
   2.1493099e-01  -8.8586751e-01   1.0000000e+00
   2.4569153e+00   1.9769252e+00  -1.0000000e+00
   3.6445551e-01  -1.7028794e+00   1.0000000e+00
  -5.9334122e-01  -1.6032788e+00   1.0000000e+00
   2.4257215e+00   2.2382338e+00  -1.0000000e+00
   2.1343820e+00   1.9108343e+00  -1.0000000e+00
   2.0510521e+00   1.8698158e+00  -1.0000000e+00
   4.8409234e-01  -1.5297482e+00   1.0000000e+00
   4.3943890e-01  -1.1485157e+00   1.0000000e+00
   7.1766114e-01  -7.0951748e-01   1.0000000e+00
   3.0009837e+00   2.1089260e+00  -1.0000000e+00
   1.9688233e+00   1.5623610e+00  -1.0000000e+00
   1.0865557e+00  -1.0587629e+00   1.0000000e+00
   1.9965051e+00   1.3815193e+00  -1.0000000e+00
   3.5514990e-02  -2.1121504e+00   1.0000000e+00
   1.9508990e+00   2.4096658e+00  -1.0000000e+00
   5.4576649e-02  -8.2372407e-01   1.0000000e+00
   1.9012083e+00   1.9855028e+00  -1.0000000e+00
   7.5991333e-01  -1.1486407e+00   1.0000000e+00
   1.8777325e+00   1.5049704e+00  -1.0000000e+00
   2.9467575e+00   2.4421598e+00  -1.0000000e+00
   1.9448071e+00   1.4828166e+00  -1.0000000e+00
   1.9177055e+00   1.8554977e+00  -1.0000000e+00
   6.1755206e-01  -1.3568527e+00   1.0000000e+00
   1.0244472e-01  -2.0991482e+00   1.0000000e+00
   2.0781831e+00   2.1642631e+00  -1.0000000e+00
   1.3044176e-01  -1.1393179e+00   1.0000000e+00
   2.4113406e+00   1.7210259e+00  -1.0000000e+00
   4.3325603e-01  -1.1246053e+00   1.0000000e+00
   1.6558644e+00   1.7309975e+00  -1.0000000e+00
   2.4438525e+00   2.0072366e+00  -1.0000000e+00
  -7.1599676e-02  -1.1958218e+00   1.0000000e+00
   1.8259186e+00   2.5044158e+00  -1.0000000e+00
   2.1806064e+00   2.0937351e+00  -1.0000000e+00
   1.4523630e+00   1.6751115e+00  -1.0000000e+00
   2.3887117e+00   1.9144407e+00  -1.0000000e+00
   2.6096000e-01  -1.6707427e+00   1.0000000e+00
   2.6839881e-02  -1.5864760e+00   1.0000000e+00
   2.4458207e+00   1.9079755e+00  -1.0000000e+00
   2.0279947e+00   2.3364027e+00  -1.0000000e+00
  -5.5232627e-02  -1.6755891e+00   1.0000000e+00
   2.2989002e+00   1.8778818e+00  -1.0000000e+00
   8.2205331e-01  -4.4812207e-01   1.0000000e+00
   2.6800297e-01  -1.5700265e+00   1.0000000e+00
   8.0788946e-01  -1.2152340e+00   1.0000000e+00
  -1.5238954e-01  -1.6861331e+00   1.0000000e+00
   2.1996326e+00   1.6953150e+00  -1.0000000e+00
   4.8253907e-01  -8.5784395e-01   1.0000000e+00
  -6.8213016e-02  -1.3302068e+00   1.0000000e+00
   2.6678214e+00   2.1189447e+00  -1.0000000e+00
   5.5705090e-01  -1.1646983e+00   1.0000000e+00
   8.8038964e-01  -7.6233944e-01   1.0000000e+00
   2.2395115e+00   1.9272525e+00  -1.0000000e+00
   7.5495161e-01  -8.9070099e-01   1.0000000e+00
  -4.0248728e-01  -1.0937888e+00   1.0000000e+00
   2.6633623e+00   2.2957531e+00  -1.0000000e+00
   2.2243968e+00   2.2632107e+00  -1.0000000e+00
   4.0649522e-01  -2.0459818e+00   1.0000000e+00
   2.0265238e+00   2.2654998e+00  -1.0000000e+00
   3.4202086e-01  -1.1536985e+00   1.0000000e+00
   5.2184614e-01  -8.2811264e-01   1.0000000e+00
   1.4566610e-01  -1.1452998e+00   1.0000000e+00
  -2.2081377e-01  -1.0106083e+00   1.0000000e+00
   2.2312817e+00   2.1641552e+00  -1.0000000e+00
   2.1671339e+00   2.1468900e+00  -1.0000000e+00
   8.2044523e-01  -3.1998649e-01   1.0000000e+00
   2.6866610e+00   2.6572270e+00  -1.0000000e+00
   2.3153749e-01  -7.8103707e-01   1.0000000e+00
   1.1031922e-01  -1.7200994e+00   1.0000000e+00
   3.1851169e-01  -1.5630315e+00   1.0000000e+00
   2.0859022e+00   1.5546142e+00  -1.0000000e+00
   1.8413913e+00   1.7680325e+00  -1.0000000e+00
   1.2542972e+00  -1.0916048e+00   1.0000000e+00
   2.0064044e+00   1.3670122e+00  -1.0000000e+00
   2.7312758e+00   2.3496169e+00  -1.0000000e+00
   1.1228945e+00  -1.3200576e+00   1.0000000e+00
   2.0361618e+00   1.9247758e+00  -1.0000000e+00
   1.9164035e+00   1.7981488e+00  -1.0000000e+00
  -1.7470611e-01  -1.3784947e+00   1.0000000e+00
   2.4493067e+00   1.4454214e+00  -1.0000000e+00
   2.2501793e+00   2.0187520e+00  -1.0000000e+00
   2.0350324e+00   1.8341203e+00  -1.0000000e+00
   1.8043073e+00   1.4368350e+00  -1.0000000e+00
   1.5299292e+00   1.4465441e+00  -1.0000000e+00
   2.4215352e-01  -7.8666738e-01   1.0000000e+00
   2.1982074e+00   1.7045930e+00  -1.0000000e+00
   2.0536025e+00   1.8407906e+00  -1.0000000e+00
   2.1950235e+00   1.4188451e+00  -1.0000000e+00
   6.4636378e-01  -1.3783959e+00   1.0000000e+00
   1.6136700e+00   1.7765824e+00  -1.0000000e+00
  -4.7131208e-01  -1.5212368e+00   1.0000000e+00
   2.7600875e+00   2.2576125e+00  -1.0000000e+00
   7.6567320e-01  -1.2360935e+00   1.0000000e+00
   2.3581032e+00   1.8598014e+00  -1.0000000e+00
   2.5752211e-01  -9.9658206e-01   1.0000000e+00
   9.2309402e-01  -7.1575702e-01   1.0000000e+00
   1.5311801e+00   1.5945016e+00  -1.0000000e+00
   2.6328122e+00   2.1325055e+00  -1.0000000e+00
   2.0513133e+00   2.2748495e+00  -1.0000000e+00
  -1.7249906e-02  -1.3722193e+00   1.0000000e+00
   2.2804882e+00   1.8221129e+00  -1.0000000e+00
   2.2466198e+00   1.8090148e+00  -1.0000000e+00
   1.7436604e+00   1.3989018e+00  -1.0000000e+00
   1.0039734e+00   1.4013099e+00  -1.0000000e+00
   2.4521766e+00   2.1941520e+00  -1.0000000e+00
   2.0542843e+00   1.8848594e+00  -1.0000000e+00
   2.0215471e+00   2.1608187e+00  -1.0000000e+00
   2.4115074e+00   2.2067647e+00  -1.0000000e+00
   1.9559279e+00   2.0229624e+00  -1.0000000e+00
   2.5174640e+00   2.2586285e+00  -1.0000000e+00
   2.3721211e+00   2.4734986e+00  -1.0000000e+00
   1.8534757e+00   2.0675349e+00  -1.0000000e+00
  -4.6294739e-02  -1.4429327e+00   1.0000000e+00
   1.2549371e+00  -6.8506348e-01   1.0000000e+00
   5.9695003e-01  -9.0574334e-01   1.0000000e+00
   2.5561028e+00   2.1566586e+00  -1.0000000e+00
   2.3786815e+00   1.9711402e+00  -1.0000000e+00
   2.5907034e+00   1.6270501e+00  -1.0000000e+00
   2.4485740e-01  -1.0710264e+00   1.0000000e+00
   1.9529054e-01  -1.1786019e-02   1.0000000e+00
   1.8092555e+00   1.7110513e+00  -1.0000000e+00
   1.8717916e+00   1.9904276e+00  -1.0000000e+00
   2.2339553e+00   1.5992410e+00  -1.0000000e+00
   7.3386177e-01  -1.1429929e+00   1.0000000e+00
   2.4930013e+00   2.1578707e+00  -1.0000000e+00
   2.5447899e+00   2.1212094e+00  -1.0000000e+00
   2.2067950e+00   1.9834353e+00  -1.0000000e+00
   2.1275122e+00   2.0326660e+00  -1.0000000e+00
   4.7545875e-01  -1.0786413e+00   1.0000000e+00
   2.4534474e+00   2.0072484e+00  -1.0000000e+00
  -5.2628293e-01  -1.4548998e+00   1.0000000e+00
   2.9623596e+00   2.0921800e+00  -1.0000000e+00
   3.4464797e-02  -1.0663120e+00   1.0000000e+00
   1.3834707e+00  -1.2194538e+00   1.0000000e+00
   2.5414931e+00   2.0140184e+00  -1.0000000e+00
   3.9655059e-01  -8.3876277e-01   1.0000000e+00
  -2.7716995e-01  -6.6549129e-01   1.0000000e+00
   2.3007438e+00   2.2685242e+00  -1.0000000e+00
  -1.7556127e-03  -1.2785316e+00   1.0000000e+00
   1.9652437e+00   1.8748853e+00  -1.0000000e+00
   2.1897302e+00   1.0987288e+00  -1.0000000e+00
   1.9702826e+00   1.7486377e+00  -1.0000000e+00
   1.6004407e-01  -1.3033345e+00   1.0000000e+00
   2.3047432e+00   2.0334710e+00  -1.0000000e+00
   2.5740595e+00   2.3317915e+00  -1.0000000e+00
   5.3504773e-01  -1.4143897e+00   1.0000000e+00
   2.2361730e-01  -1.4458919e+00   1.0000000e+00
   2.2480780e-01  -1.9192750e+00   1.0000000e+00
   2.6632883e+00   2.4845048e+00  -1.0000000e+00
   3.1056579e-01  -1.2657542e+00   1.0000000e+00
   2.3543163e+00   1.6774636e+00  -1.0000000e+00
  -1.0486566e-01  -1.6726550e+00   1.0000000e+00
   2.7931121e+00   2.3107610e+00  -1.0000000e+00
   2.9379809e+00   2.1709944e+00  -1.0000000e+00
   8.5622568e-01  -6.4560061e-01   1.0000000e+00
   1.9802183e-01  -1.2089492e+00   1.0000000e+00
   1.4393275e+00   1.7339503e+00  -1.0000000e+00
   1.5036450e+00   1.8215009e+00  -1.0000000e+00
   1.8340174e+00   1.8692259e+00  -1.0000000e+00
   1.5360172e-01  -1.2572380e+00   1.0000000e+00
