   3.3334968e-01  -2.6916685e+00
   9.0691845e-01  -4.5591614e+01
   1.3869649e+00   3.0804516e+01
   4.6009538e-01   9.5660138e-03
   5.1341707e-01  -5.4898528e+01
   1.3069776e+00   5.4086993e+00
   2.9337699e-01  -1.2923056e+00
   1.2669803e+00   4.6904442e+01
   9.5356728e-01   4.6906206e+01
   9.0028256e-01  -1.5990483e+01
   3.4006976e-01  -5.3935999e+00
   5.6015170e-01  -7.0997527e+01
   8.4669369e-01  -4.4296473e+01
   1.3361704e-01  -2.6981214e+00
   5.4018735e-01  -5.0795094e+01
   5.4010643e-01  -6.1695907e+01
   3.6679163e-01  -5.3953647e+00
   4.5362260e-01  -2.6938906e+00
   9.0679073e-01   9.5007117e+00
   5.1335790e-01  -2.2796857e+01
   3.5339995e-01  -2.6939162e+00
   1.1733498e+00  -1.5998250e+01
   1.8468556e+00  -2.6937897e+00
   1.4800406e+00   2.4595993e-03
   1.0935074e+00   4.6905874e+01
   8.7337235e-01  -1.0709494e+02
   1.7335900e+00   1.0704648e+01
   8.6679169e-01  -5.3945858e+00
   4.4027446e-01  -2.6905767e+00
   9.4668221e-01  -2.1496582e+01
   6.4686597e-01  -7.2295982e+01
   9.2031638e-01   4.0030769e+00
   5.4676293e-01  -8.0395884e+01
   5.4029628e-01  -2.1497141e+01
   1.3333672e+00  -2.1496059e+01
   7.0668844e-01  -1.3399497e+02
   1.5534114e+00   1.0707220e+01
   1.0669777e+00   5.4903062e+01
   6.5335438e-01  -1.2719888e+02
   6.4675474e-01  -8.5595567e+01
   2.9366651e-01  -2.6953324e+00
   7.3340400e-01  -1.2309985e+02
   5.6016614e-01  -7.7693359e+01
   5.2009683e-01  -2.1492759e+01
   1.1735576e+00  -5.4897184e+01
   2.0698600e-01  -2.6973818e+00
   2.6025552e-01  -2.6929153e+00
   1.6268887e+00  -1.3292161e+01
   1.3133770e+00  -1.2901384e+00
   4.8669847e-01  -1.5995267e+01
   1.0333383e+00   7.5009028e+01
   5.3342940e-01  -2.6795489e+01
   1.0669389e+00   4.8208045e+01
   1.4336618e+00   1.4708289e+01
   1.7733391e+00  -1.4698337e+01
   8.0027313e-01  -1.1249606e+02
   4.8687371e-01  -5.3947924e+00
   1.1868534e+00   3.2107181e+01
   4.8674801e-01  -9.2943081e+00
   9.4694067e-01   3.7504608e+01
   5.8675440e-01  -1.0189555e+02
   1.4669179e+00  -1.2991226e+00
   5.2688655e-01  -5.0795565e+01
   1.0400714e+00   8.1036630e+00
   8.3353404e-01  -5.7596975e+01
   4.9353498e-01  -2.6914816e+00
   1.1468865e+00   1.3075948e+00
   6.7339445e-01  -1.2309050e+02
   5.5354552e-01  -5.8994421e+01
   7.8005677e-01  -1.2849986e+02
   1.2068465e+00  -3.7494038e+01
   7.2687446e-01  -1.0839184e+02
   1.1135620e+00   1.6009771e+01
   1.0068924e+00   3.6202219e+01
   5.8695894e-01  -1.2309296e+02
   1.2666710e+00   1.0705221e+01
   3.8010347e-01   9.3289706e-03
   8.0259693e-02   7.1335444e-03
   8.0676910e-01  -8.1797720e+01
   1.1603089e+00   7.5004496e+01
